lamA thr
3500.0 0.97
3510.0 0.97
3520.0 0.97
3530.0 0.97
3540.0 0.97
3550.0 0.97
3560.0 0.97
3570.0 0.97
3580.0 0.97
3590.0 0.97
3600.0 0.97
3610.0 0.97
3620.0 0.97
3630.0 0.97
3640.0 0.97
3650.0 0.97
3660.0 0.97
3670.0 0.97
3680.0 0.97
3690.0 0.97
3700.0 0.97
3710.0 0.97
3720.0 0.97
3730.0 0.97
3740.0 0.97
3750.0 0.97
3760.0 0.97
3770.0 0.97
3780.0 0.97
3790.0 0.97
3800.0 0.97
3810.0 0.97
3820.0 0.97
3830.0 0.97
3840.0 0.97
3850.0 0.97
3860.0 0.97
3870.0 0.97
3880.0 0.97
3890.0 0.97
3900.0 0.97
3910.0 0.97
3920.0 0.97
3930.0 0.97
3940.0 0.97
3950.0 0.97
3960.0 0.97
3970.0 0.97
3980.0 0.97
3990.0 0.97
4000.0 0.97
4010.0 0.97
4020.0 0.97
4030.0 0.97
4040.0 0.97
4050.0 0.97
4060.0 0.97
4070.0 0.97
4080.0 0.97
4090.0 0.97
4100.0 0.97
4110.0 0.97
4120.0 0.97
4130.0 0.97
4140.0 0.97
4150.0 0.97
4160.0 0.97
4170.0 0.97
4180.0 0.97
4190.0 0.97
4200.0 0.97
4210.0 0.97
4220.0 0.97
4230.0 0.97
4240.0 0.97
4250.0 0.97
4260.0 0.97
4270.0 0.97
4280.0 0.97
4290.0 0.97
4300.0 0.97
4310.0 0.97
4320.0 0.97
4330.0 0.97
4340.0 0.97
4350.0 0.97
4360.0 0.97
4370.0 0.97
4380.0 0.97
4390.0 0.97
4400.0 0.97
4410.0 0.97
4420.0 0.97
4430.0 0.97
4440.0 0.97
4450.0 0.97
4460.0 0.97
4470.0 0.97
4480.0 0.97
4490.0 0.97
4500.0 0.97
4510.0 0.97
4520.0 0.97
4530.0 0.97
4540.0 0.97
4550.0 0.97
4560.0 0.97
4570.0 0.97
4580.0 0.97
4590.0 0.97
4600.0 0.97
4610.0 0.97
4620.0 0.97
4630.0 0.97
4640.0 0.97
4650.0 0.97
4660.0 0.97
4670.0 0.97
4680.0 0.97
4690.0 0.97
4700.0 0.97
4710.0 0.97
4720.0 0.97
4730.0 0.97
4740.0 0.97
4750.0 0.97
4760.0 0.97
4770.0 0.97
4780.0 0.97
4790.0 0.97
4800.0 0.97
4810.0 0.97
4820.0 0.97
4830.0 0.97
4840.0 0.97
4850.0 0.97
4860.0 0.97
4870.0 0.97
4880.0 0.97
4890.0 0.97
4900.0 0.97
4910.0 0.97
4920.0 0.97
4930.0 0.97
4940.0 0.97
4950.0 0.97
4960.0 0.97
4970.0 0.97
4980.0 0.97
4990.0 0.97
5000.0 0.97
5010.0 0.97
5020.0 0.97
5030.0 0.97
5040.0 0.97
5050.0 0.97
5060.0 0.97
5070.0 0.97
5080.0 0.97
5090.0 0.97
5100.0 0.97
5110.0 0.97
5120.0 0.97
5130.0 0.97
5140.0 0.97
5150.0 0.97
5160.0 0.97
5170.0 0.97
5180.0 0.97
5190.0 0.97
5200.0 0.97
5210.0 0.97
5220.0 0.97
5230.0 0.97
5240.0 0.97
5250.0 0.97
5260.0 0.97
5270.0 0.97
5280.0 0.97
5290.0 0.97
5300.0 0.97
5310.0 0.97
5320.0 0.97
5330.0 0.97
5340.0 0.97
5350.0 0.97
5360.0 0.97
5370.0 0.97
5380.0 0.97
5390.0 0.97
5400.0 0.97
5410.0 0.97
5420.0 0.97
5430.0 0.97
5440.0 0.97
5450.0 0.97
5460.0 0.97
5470.0 0.97
5480.0 0.97
5490.0 0.97
5500.0 0.97
5510.0 0.97
5520.0 0.97
5530.0 0.97
5540.0 0.97
5550.0 0.97
5560.0 0.97
5570.0 0.97
5580.0 0.97
5590.0 0.97
5600.0 0.97
5610.0 0.97
5620.0 0.97
5630.0 0.97
5640.0 0.97
5650.0 0.97
5660.0 0.97
5670.0 0.97
5680.0 0.97
5690.0 0.97
5700.0 0.97
5710.0 0.97
5720.0 0.97
5730.0 0.97
5740.0 0.97
5750.0 0.97
5760.0 0.97
5770.0 0.97
5780.0 0.97
5790.0 0.97
5800.0 0.97
5810.0 0.97
5820.0 0.97
5830.0 0.97
5840.0 0.97
5850.0 0.97
5860.0 0.97
5870.0 0.97
5880.0 0.97
5890.0 0.97
5900.0 0.97
5910.0 0.97
5920.0 0.97
5930.0 0.97
5940.0 0.97
5950.0 0.97
5960.0 0.97
5970.0 0.97
5980.0 0.97
5990.0 0.97
6000.0 0.97
6010.0 0.97
6020.0 0.97
6030.0 0.97
6040.0 0.97
6050.0 0.97
6060.0 0.97
6070.0 0.97
6080.0 0.97
6090.0 0.97
6100.0 0.97
6110.0 0.97
6120.0 0.97
6130.0 0.97
6140.0 0.97
6150.0 0.97
6160.0 0.97
6170.0 0.97
6180.0 0.97
6190.0 0.97
6200.0 0.97
6210.0 0.97
6220.0 0.97
6230.0 0.97
6240.0 0.97
6250.0 0.97
6260.0 0.97
6270.0 0.97
6280.0 0.97
6290.0 0.97
6300.0 0.97
6310.0 0.97
6320.0 0.97
6330.0 0.97
6340.0 0.97
6350.0 0.97
6360.0 0.97
6370.0 0.97
6380.0 0.97
6390.0 0.97
6400.0 0.97
6410.0 0.97
6420.0 0.97
6430.0 0.97
6440.0 0.97
6450.0 0.97
6460.0 0.97
6470.0 0.97
6480.0 0.97
6490.0 0.97
6500.0 0.97
6510.0 0.97
6520.0 0.97
6530.0 0.97
6540.0 0.97
6550.0 0.97
6560.0 0.97
6570.0 0.97
6580.0 0.97
6590.0 0.97
6600.0 0.97
6610.0 0.97
6620.0 0.97
6630.0 0.97
6640.0 0.97
6650.0 0.97
6660.0 0.97
6670.0 0.97
6680.0 0.97
6690.0 0.97
6700.0 0.97
6710.0 0.97
6720.0 0.97
6730.0 0.97
6740.0 0.97
6750.0 0.97
6760.0 0.97
6770.0 0.97
6780.0 0.97
6790.0 0.97
6800.0 0.97
6810.0 0.97
6820.0 0.97
6830.0 0.97
6840.0 0.97
6850.0 0.97
6860.0 0.97
6870.0 0.97
6880.0 0.97
6890.0 0.97
6900.0 0.97
6910.0 0.97
6920.0 0.97
6930.0 0.97
6940.0 0.97
6950.0 0.97
6960.0 0.97
6970.0 0.97
6980.0 0.97
6990.0 0.97
7000.0 0.97
7010.0 0.97
7020.0 0.97
7030.0 0.97
7040.0 0.97
7050.0 0.97
7060.0 0.97
7070.0 0.97
7080.0 0.97
7090.0 0.97
7100.0 0.97
7110.0 0.97
7120.0 0.97
7130.0 0.97
7140.0 0.97
7150.0 0.97
7160.0 0.97
7170.0 0.97
7180.0 0.97
7190.0 0.97
7200.0 0.97
7210.0 0.97
7220.0 0.97
7230.0 0.97
7240.0 0.97
7250.0 0.97
7260.0 0.97
7270.0 0.97
7280.0 0.97
7290.0 0.97
7300.0 0.97
7310.0 0.97
7320.0 0.97
7330.0 0.97
7340.0 0.97
7350.0 0.97
7360.0 0.97
7370.0 0.97
7380.0 0.97
7390.0 0.97
7400.0 0.97
7410.0 0.97
7420.0 0.97
7430.0 0.97
7440.0 0.97
7450.0 0.97
7460.0 0.97
7470.0 0.97
7480.0 0.97
7490.0 0.97
7500.0 0.97
7510.0 0.97
7520.0 0.97
7530.0 0.97
7540.0 0.97
7550.0 0.97
7560.0 0.97
7570.0 0.97
7580.0 0.97
7590.0 0.97
7600.0 0.97
7610.0 0.97
7620.0 0.97
7630.0 0.97
7640.0 0.97
7650.0 0.97
7660.0 0.97
7670.0 0.97
7680.0 0.97
7690.0 0.97
7700.0 0.97
7710.0 0.97
7720.0 0.97
7730.0 0.97
7740.0 0.97
7750.0 0.97
7760.0 0.97
7770.0 0.97
7780.0 0.97
7790.0 0.97
7800.0 0.97
7810.0 0.97
7820.0 0.97
7830.0 0.97
7840.0 0.97
7850.0 0.97
7860.0 0.97
7870.0 0.97
7880.0 0.97
7890.0 0.97
7900.0 0.97
7910.0 0.97
7920.0 0.97
7930.0 0.97
7940.0 0.97
7950.0 0.97
7960.0 0.97
7970.0 0.97
7980.0 0.97
7990.0 0.97
8000.0 0.97
8010.0 0.97
8020.0 0.97
8030.0 0.97
8040.0 0.97
8050.0 0.97
8060.0 0.97
8070.0 0.97
8080.0 0.97
8090.0 0.97
8100.0 0.97
8110.0 0.97
8120.0 0.97
8130.0 0.97
8140.0 0.97
8150.0 0.97
8160.0 0.97
8170.0 0.97
8180.0 0.97
8190.0 0.97
8200.0 0.97
8210.0 0.97
8220.0 0.97
8230.0 0.97
8240.0 0.97
8250.0 0.97
8260.0 0.97
8270.0 0.97
8280.0 0.97
8290.0 0.97
8300.0 0.97
8310.0 0.97
8320.0 0.97
8330.0 0.97
8340.0 0.97
8350.0 0.97
8360.0 0.97
8370.0 0.97
8380.0 0.97
8390.0 0.97
8400.0 0.97
8410.0 0.97
8420.0 0.97
8430.0 0.97
8440.0 0.97
8450.0 0.97
8460.0 0.97
8470.0 0.97
8480.0 0.97
8490.0 0.97
8500.0 0.97
8510.0 0.97
8520.0 0.97
8530.0 0.97
8540.0 0.97
8550.0 0.97
8560.0 0.97
8570.0 0.97
8580.0 0.97
8590.0 0.97
8600.0 0.97
8610.0 0.97
8620.0 0.97
8630.0 0.97
8640.0 0.97
8650.0 0.97
8660.0 0.97
8670.0 0.97
8680.0 0.97
8690.0 0.97
8700.0 0.97
8710.0 0.97
8720.0 0.97
8730.0 0.97
8740.0 0.97
8750.0 0.97
8760.0 0.97
8770.0 0.97
8780.0 0.97
8790.0 0.97
8800.0 0.97
8810.0 0.97
8820.0 0.97
8830.0 0.97
8840.0 0.97
8850.0 0.97
8860.0 0.97
8870.0 0.97
8880.0 0.97
8890.0 0.97
8900.0 0.97
8910.0 0.97
8920.0 0.97
8930.0 0.97
8940.0 0.97
8950.0 0.97
8960.0 0.97
8970.0 0.97
8980.0 0.97
8990.0 0.97
9000.0 0.97
9010.0 0.97
9020.0 0.97
9030.0 0.97
9040.0 0.97
9050.0 0.97
9060.0 0.97
9070.0 0.97
9080.0 0.97
9090.0 0.97
9100.0 0.97
9110.0 0.97
9120.0 0.97
9130.0 0.97
9140.0 0.97
9150.0 0.97
9160.0 0.97
9170.0 0.97
9180.0 0.97
9190.0 0.97
9200.0 0.97
9210.0 0.97
9220.0 0.97
9230.0 0.97
9240.0 0.97
9250.0 0.97
9260.0 0.97
9270.0 0.97
9280.0 0.97
9290.0 0.97
9300.0 0.97
9310.0 0.97
9320.0 0.97
9330.0 0.97
9340.0 0.97
9350.0 0.97
9360.0 0.97
9370.0 0.97
9380.0 0.97
9390.0 0.97
9400.0 0.97
9410.0 0.97
9420.0 0.97
9430.0 0.97
9440.0 0.97
9450.0 0.97
9460.0 0.97
9470.0 0.97
9480.0 0.97
9490.0 0.97
9500.0 0.97
9510.0 0.97
9520.0 0.97
9530.0 0.97
9540.0 0.97
9550.0 0.97
9560.0 0.97
9570.0 0.97
9580.0 0.97
9590.0 0.97
9600.0 0.97
9610.0 0.97
9620.0 0.97
9630.0 0.97
9640.0 0.97
9650.0 0.97
9660.0 0.97
9670.0 0.97
9680.0 0.97
9690.0 0.97
9700.0 0.97
9710.0 0.97
9720.0 0.97
9730.0 0.97
9740.0 0.97
9750.0 0.97
9760.0 0.97
9770.0 0.97
9780.0 0.97
9790.0 0.97
9800.0 0.97
9810.0 0.97
9820.0 0.97
9830.0 0.97
9840.0 0.97
9850.0 0.97
9860.0 0.97
9870.0 0.97
9880.0 0.97
9890.0 0.97
9900.0 0.97
9910.0 0.97
9920.0 0.97
9930.0 0.97
9940.0 0.97
9950.0 0.97
9960.0 0.97
9970.0 0.97
9980.0 0.97
9990.0 0.97
10000.0 0.97
10010.0 0.97
10020.0 0.97
10030.0 0.97
10040.0 0.97
10050.0 0.97
10060.0 0.97
10070.0 0.97
10080.0 0.97
10090.0 0.97
10100.0 0.97
10110.0 0.97
10120.0 0.97
10130.0 0.97
10140.0 0.97
10150.0 0.97
10160.0 0.97
10170.0 0.97
10180.0 0.97
10190.0 0.97
10200.0 0.97
10210.0 0.97
10220.0 0.97
10230.0 0.97
10240.0 0.97
10250.0 0.97
10260.0 0.97
10270.0 0.97
10280.0 0.97
10290.0 0.97
10300.0 0.97
10310.0 0.97
10320.0 0.97
10330.0 0.97
10340.0 0.97
10350.0 0.97
10360.0 0.97
10370.0 0.97
10380.0 0.97
10390.0 0.97
10400.0 0.97
10410.0 0.97
10420.0 0.97
10430.0 0.97
10440.0 0.97
10450.0 0.97
10460.0 0.97
10470.0 0.97
10480.0 0.97
10490.0 0.97
10500.0 0.97
10510.0 0.97
10520.0 0.97
10530.0 0.97
10540.0 0.97
10550.0 0.97
10560.0 0.97
10570.0 0.97
10580.0 0.97
10590.0 0.97
10600.0 0.97
10610.0 0.97
10620.0 0.97
10630.0 0.97
10640.0 0.97
10650.0 0.97
10660.0 0.97
10670.0 0.97
10680.0 0.97
10690.0 0.97
10700.0 0.97
10710.0 0.97
10720.0 0.97
10730.0 0.97
10740.0 0.97
10750.0 0.97
10760.0 0.97
10770.0 0.97
10780.0 0.97
10790.0 0.97
10800.0 0.97
10810.0 0.97
10820.0 0.97
10830.0 0.97
10840.0 0.97
10850.0 0.97
10860.0 0.97
10870.0 0.97
10880.0 0.97
10890.0 0.97
10900.0 0.97
10910.0 0.97
10920.0 0.97
10930.0 0.97
10940.0 0.97
10950.0 0.97
10960.0 0.97
10970.0 0.97
10980.0 0.97
10990.0 0.97
11000.0 0.97
11010.0 0.97
11020.0 0.97
11030.0 0.97
11040.0 0.97
11050.0 0.97
11060.0 0.97
11070.0 0.97
11080.0 0.97
11090.0 0.97
11100.0 0.97
11110.0 0.97
11120.0 0.97
11130.0 0.97
11140.0 0.97
11150.0 0.97
11160.0 0.97
11170.0 0.97
11180.0 0.97
11190.0 0.97
11200.0 0.97
11210.0 0.97
11220.0 0.97
11230.0 0.97
11240.0 0.97
11250.0 0.97
11260.0 0.97
11270.0 0.97
11280.0 0.97
11290.0 0.97
11300.0 0.97
11310.0 0.97
11320.0 0.97
11330.0 0.97
11340.0 0.97
11350.0 0.97
11360.0 0.97
11370.0 0.97
11380.0 0.97
11390.0 0.97
11400.0 0.97
11410.0 0.97
11420.0 0.97
11430.0 0.97
11440.0 0.97
11450.0 0.97
11460.0 0.97
11470.0 0.97
11480.0 0.97
11490.0 0.97
11500.0 0.97
11510.0 0.97
11520.0 0.97
11530.0 0.97
11540.0 0.97
11550.0 0.97
11560.0 0.97
11570.0 0.97
11580.0 0.97
11590.0 0.97
11600.0 0.97
11610.0 0.97
11620.0 0.97
11630.0 0.97
11640.0 0.97
11650.0 0.97
11660.0 0.97
11670.0 0.97
11680.0 0.97
11690.0 0.97
11700.0 0.97
11710.0 0.97
11720.0 0.97
11730.0 0.97
11740.0 0.97
11750.0 0.97
11760.0 0.97
11770.0 0.97
11780.0 0.97
11790.0 0.97
11800.0 0.97
11810.0 0.97
11820.0 0.97
11830.0 0.97
11840.0 0.97
11850.0 0.97
11860.0 0.97
11870.0 0.97
11880.0 0.97
11890.0 0.97
11900.0 0.97
11910.0 0.97
11920.0 0.97
11930.0 0.97
11940.0 0.97
11950.0 0.97
11960.0 0.97
11970.0 0.97
11980.0 0.97
11990.0 0.97
12000.0 0.97
12010.0 0.97
12020.0 0.97
12030.0 0.97
12040.0 0.97
12050.0 0.97
12060.0 0.97
12070.0 0.97
12080.0 0.97
12090.0 0.97
12100.0 0.97
12110.0 0.97
12120.0 0.97
12130.0 0.97
12140.0 0.97
12150.0 0.97
12160.0 0.97
12170.0 0.97
12180.0 0.97
12190.0 0.97
12200.0 0.97
12210.0 0.97
12220.0 0.97
12230.0 0.97
12240.0 0.97
12250.0 0.97
12260.0 0.97
12270.0 0.97
12280.0 0.97
12290.0 0.97
12300.0 0.97
12310.0 0.97
12320.0 0.97
12330.0 0.97
12340.0 0.97
12350.0 0.97
12360.0 0.97
12370.0 0.97
12380.0 0.97
12390.0 0.97
12400.0 0.97
12410.0 0.97
12420.0 0.97
12430.0 0.97
12440.0 0.97
12450.0 0.97
12460.0 0.97
12470.0 0.97
12480.0 0.97
12490.0 0.97
12500.0 0.97
12510.0 0.97
12520.0 0.97
12530.0 0.97
12540.0 0.97
12550.0 0.97
12560.0 0.97
12570.0 0.97
12580.0 0.97
12590.0 0.97
12600.0 0.97
12610.0 0.97
12620.0 0.97
12630.0 0.97
12640.0 0.97
12650.0 0.97
12660.0 0.97
12670.0 0.97
12680.0 0.97
12690.0 0.97
12700.0 0.97
12710.0 0.97
12720.0 0.97
12730.0 0.97
12740.0 0.97
12750.0 0.97
12760.0 0.97
12770.0 0.97
12780.0 0.97
12790.0 0.97
12800.0 0.97
12810.0 0.97
12820.0 0.97
12830.0 0.97
12840.0 0.97
12850.0 0.97
12860.0 0.97
12870.0 0.97
12880.0 0.97
12890.0 0.97
12900.0 0.97
12910.0 0.97
12920.0 0.97
12930.0 0.97
12940.0 0.97
12950.0 0.97
12960.0 0.97
12970.0 0.97
12980.0 0.97
12990.0 0.97
13000.0 0.97
13010.0 0.97
13020.0 0.97
13030.0 0.97
13040.0 0.97
13050.0 0.97
13060.0 0.97
13070.0 0.97
13080.0 0.97
13090.0 0.97
13100.0 0.97
13110.0 0.97
13120.0 0.97
13130.0 0.97
13140.0 0.97
13150.0 0.97
13160.0 0.97
13170.0 0.97
13180.0 0.97
13190.0 0.97
13200.0 0.97
13210.0 0.97
13220.0 0.97
13230.0 0.97
13240.0 0.97
13250.0 0.97
13260.0 0.97
13270.0 0.97
13280.0 0.97
13290.0 0.97
13300.0 0.97
13310.0 0.97
13320.0 0.97
13330.0 0.97
13340.0 0.97
13350.0 0.97
13360.0 0.97
13370.0 0.97
13380.0 0.97
13390.0 0.97
13400.0 0.97
13410.0 0.97
13420.0 0.97
13430.0 0.97
13440.0 0.97
13450.0 0.97
13460.0 0.97
13470.0 0.97
13480.0 0.97
13490.0 0.97
13500.0 0.97
13510.0 0.97
13520.0 0.97
13530.0 0.97
13540.0 0.97
13550.0 0.97
13560.0 0.97
13570.0 0.97
13580.0 0.97
13590.0 0.97
13600.0 0.97
13610.0 0.97
13620.0 0.97
13630.0 0.97
13640.0 0.97
13650.0 0.97
13660.0 0.97
13670.0 0.97
13680.0 0.97
13690.0 0.97
13700.0 0.97
13710.0 0.97
13720.0 0.97
13730.0 0.97
13740.0 0.97
13750.0 0.97
13760.0 0.97
13770.0 0.97
13780.0 0.97
13790.0 0.97
13800.0 0.97
13810.0 0.97
13820.0 0.97
13830.0 0.97
13840.0 0.97
13850.0 0.97
13860.0 0.97
13870.0 0.97
13880.0 0.97
13890.0 0.97
13900.0 0.97
13910.0 0.97
13920.0 0.97
13930.0 0.97
13940.0 0.97
13950.0 0.97
13960.0 0.97
13970.0 0.97
13980.0 0.97
13990.0 0.97
14000.0 0.97
14010.0 0.97
14020.0 0.97
14030.0 0.97
14040.0 0.97
14050.0 0.97
14060.0 0.97
14070.0 0.97
14080.0 0.97
14090.0 0.97
14100.0 0.97
14110.0 0.97
14120.0 0.97
14130.0 0.97
14140.0 0.97
14150.0 0.97
14160.0 0.97
14170.0 0.97
14180.0 0.97
14190.0 0.97
14200.0 0.97
14210.0 0.97
14220.0 0.97
14230.0 0.97
14240.0 0.97
14250.0 0.97
14260.0 0.97
14270.0 0.97
14280.0 0.97
14290.0 0.97
14300.0 0.97
14310.0 0.97
14320.0 0.97
14330.0 0.97
14340.0 0.97
14350.0 0.97
14360.0 0.97
14370.0 0.97
14380.0 0.97
14390.0 0.97
14400.0 0.97
14410.0 0.97
14420.0 0.97
14430.0 0.97
14440.0 0.97
14450.0 0.97
14460.0 0.97
14470.0 0.97
14480.0 0.97
14490.0 0.97
14500.0 0.97
14510.0 0.97
14520.0 0.97
14530.0 0.97
14540.0 0.97
14550.0 0.97
14560.0 0.97
14570.0 0.97
14580.0 0.97
14590.0 0.97
14600.0 0.97
14610.0 0.97
14620.0 0.97
14630.0 0.97
14640.0 0.97
14650.0 0.97
14660.0 0.97
14670.0 0.97
14680.0 0.97
14690.0 0.97
14700.0 0.97
14710.0 0.97
14720.0 0.97
14730.0 0.97
14740.0 0.97
14750.0 0.97
14760.0 0.97
14770.0 0.97
14780.0 0.97
14790.0 0.97
14800.0 0.97
14810.0 0.97
14820.0 0.97
14830.0 0.97
14840.0 0.97
14850.0 0.97
14860.0 0.97
14870.0 0.97
14880.0 0.97
14890.0 0.97
14900.0 0.97
14910.0 0.97
14920.0 0.97
14930.0 0.97
14940.0 0.97
14950.0 0.97
14960.0 0.97
14970.0 0.97
14980.0 0.97
14990.0 0.97
15000.0 0.97
15010.0 0.97
15020.0 0.97
15030.0 0.97
15040.0 0.97
15050.0 0.97
15060.0 0.97
15070.0 0.97
15080.0 0.97
15090.0 0.97
15100.0 0.97
15110.0 0.97
15120.0 0.97
15130.0 0.97
15140.0 0.97
15150.0 0.97
15160.0 0.97
15170.0 0.97
15180.0 0.97
15190.0 0.97
15200.0 0.97
15210.0 0.97
15220.0 0.97
15230.0 0.97
15240.0 0.97
15250.0 0.97
15260.0 0.97
15270.0 0.97
15280.0 0.97
15290.0 0.97
15300.0 0.97
15310.0 0.97
15320.0 0.97
15330.0 0.97
15340.0 0.97
15350.0 0.97
15360.0 0.97
15370.0 0.97
15380.0 0.97
15390.0 0.97
15400.0 0.97
15410.0 0.97
15420.0 0.97
15430.0 0.97
15440.0 0.97
15450.0 0.97
15460.0 0.97
15470.0 0.97
15480.0 0.97
15490.0 0.97
15500.0 0.97
15510.0 0.97
15520.0 0.97
15530.0 0.97
15540.0 0.97
15550.0 0.97
15560.0 0.97
15570.0 0.97
15580.0 0.97
15590.0 0.97
15600.0 0.97
15610.0 0.97
15620.0 0.97
15630.0 0.97
15640.0 0.97
15650.0 0.97
15660.0 0.97
15670.0 0.97
15680.0 0.97
15690.0 0.97
15700.0 0.97
15710.0 0.97
15720.0 0.97
15730.0 0.97
15740.0 0.97
15750.0 0.97
15760.0 0.97
15770.0 0.97
15780.0 0.97
15790.0 0.97
15800.0 0.97
15810.0 0.97
15820.0 0.97
15830.0 0.97
15840.0 0.97
15850.0 0.97
15860.0 0.97
15870.0 0.97
15880.0 0.97
15890.0 0.97
15900.0 0.97
15910.0 0.97
15920.0 0.97
15930.0 0.97
15940.0 0.97
15950.0 0.97
15960.0 0.97
15970.0 0.97
15980.0 0.97
15990.0 0.97
16000.0 0.97
16010.0 0.97
16020.0 0.97
16030.0 0.97
16040.0 0.97
16050.0 0.97
16060.0 0.97
16070.0 0.97
16080.0 0.97
16090.0 0.97
16100.0 0.97
16110.0 0.97
16120.0 0.97
16130.0 0.97
16140.0 0.97
16150.0 0.97
16160.0 0.97
16170.0 0.97
16180.0 0.97
16190.0 0.97
16200.0 0.97
16210.0 0.97
16220.0 0.97
16230.0 0.97
16240.0 0.97
16250.0 0.97
16260.0 0.97
16270.0 0.97
16280.0 0.97
16290.0 0.97
16300.0 0.97
16310.0 0.97
16320.0 0.97
16330.0 0.97
16340.0 0.97
16350.0 0.97
16360.0 0.97
16370.0 0.97
16380.0 0.97
16390.0 0.97
16400.0 0.97
16410.0 0.97
16420.0 0.97
16430.0 0.97
16440.0 0.97
16450.0 0.97
16460.0 0.97
16470.0 0.97
16480.0 0.97
16490.0 0.97
16500.0 0.97
16510.0 0.97
16520.0 0.97
16530.0 0.97
16540.0 0.97
16550.0 0.97
16560.0 0.97
16570.0 0.97
16580.0 0.97
16590.0 0.97
16600.0 0.97
16610.0 0.97
16620.0 0.97
16630.0 0.97
16640.0 0.97
16650.0 0.97
16660.0 0.97
16670.0 0.97
16680.0 0.97
16690.0 0.97
16700.0 0.97
16710.0 0.97
16720.0 0.97
16730.0 0.97
16740.0 0.97
16750.0 0.97
16760.0 0.97
16770.0 0.97
16780.0 0.97
16790.0 0.97
16800.0 0.97
16810.0 0.97
16820.0 0.97
16830.0 0.97
16840.0 0.97
16850.0 0.97
16860.0 0.97
16870.0 0.97
16880.0 0.97
16890.0 0.97
16900.0 0.97
16910.0 0.97
16920.0 0.97
16930.0 0.97
16940.0 0.97
16950.0 0.97
16960.0 0.97
16970.0 0.97
16980.0 0.97
16990.0 0.97
17000.0 0.97
17010.0 0.97
17020.0 0.97
17030.0 0.97
17040.0 0.97
17050.0 0.97
17060.0 0.97
17070.0 0.97
17080.0 0.97
17090.0 0.97
17100.0 0.97
17110.0 0.97
17120.0 0.97
17130.0 0.97
17140.0 0.97
17150.0 0.97
17160.0 0.97
17170.0 0.97
17180.0 0.97
17190.0 0.97
17200.0 0.97
17210.0 0.97
17220.0 0.97
17230.0 0.97
17240.0 0.97
17250.0 0.97
17260.0 0.97
17270.0 0.97
17280.0 0.97
17290.0 0.97
17300.0 0.97
17310.0 0.97
17320.0 0.97
17330.0 0.97
17340.0 0.97
17350.0 0.97
17360.0 0.97
17370.0 0.97
17380.0 0.97
17390.0 0.97
17400.0 0.97
17410.0 0.97
17420.0 0.97
17430.0 0.97
17440.0 0.97
17450.0 0.97
17460.0 0.97
17470.0 0.97
17480.0 0.97
17490.0 0.97
17500.0 0.97
17510.0 0.97
17520.0 0.97
17530.0 0.97
17540.0 0.97
17550.0 0.97
17560.0 0.97
17570.0 0.97
17580.0 0.97
17590.0 0.97
17600.0 0.97
17610.0 0.97
17620.0 0.97
17630.0 0.97
17640.0 0.97
17650.0 0.97
17660.0 0.97
17670.0 0.97
17680.0 0.97
17690.0 0.97
17700.0 0.97
17710.0 0.97
17720.0 0.97
17730.0 0.97
17740.0 0.97
17750.0 0.97
17760.0 0.97
17770.0 0.97
17780.0 0.97
17790.0 0.97
17800.0 0.97
17810.0 0.97
17820.0 0.97
17830.0 0.97
17840.0 0.97
17850.0 0.97
17860.0 0.97
17870.0 0.97
17880.0 0.97
17890.0 0.97
17900.0 0.97
17910.0 0.97
17920.0 0.97
17930.0 0.97
17940.0 0.97
17950.0 0.97
17960.0 0.97
17970.0 0.97
17980.0 0.97
17990.0 0.97
18000.0 0.97
18010.0 0.97
18020.0 0.97
18030.0 0.97
18040.0 0.97
18050.0 0.97
18060.0 0.97
18070.0 0.97
18080.0 0.97
18090.0 0.97
18100.0 0.97
18110.0 0.97
18120.0 0.97
18130.0 0.97
18140.0 0.97
18150.0 0.97
18160.0 0.97
18170.0 0.97
18180.0 0.97
18190.0 0.97
18200.0 0.97
18210.0 0.97
18220.0 0.97
18230.0 0.97
18240.0 0.97
18250.0 0.97
18260.0 0.97
18270.0 0.97
18280.0 0.97
18290.0 0.97
18300.0 0.97
18310.0 0.97
18320.0 0.97
18330.0 0.97
18340.0 0.97
18350.0 0.97
18360.0 0.97
18370.0 0.97
18380.0 0.97
18390.0 0.97
18400.0 0.97
18410.0 0.97
18420.0 0.97
18430.0 0.97
18440.0 0.97
18450.0 0.97
18460.0 0.97
18470.0 0.97
18480.0 0.97
18490.0 0.97
