lamA thr
3500.0 0.987
3510.0 0.987
3520.0 0.987
3530.0 0.987
3540.0 0.987
3550.0 0.987
3560.0 0.987
3570.0 0.987
3580.0 0.987
3590.0 0.987
3600.0 0.987
3610.0 0.987
3620.0 0.987
3630.0 0.987
3640.0 0.987
3650.0 0.987
3660.0 0.987
3670.0 0.987
3680.0 0.987
3690.0 0.987
3700.0 0.987
3710.0 0.987
3720.0 0.987
3730.0 0.987
3740.0 0.987
3750.0 0.987
3760.0 0.987
3770.0 0.987
3780.0 0.987
3790.0 0.987
3800.0 0.987
3810.0 0.987
3820.0 0.987
3830.0 0.987
3840.0 0.987
3850.0 0.987
3860.0 0.987
3870.0 0.987
3880.0 0.987
3890.0 0.987
3900.0 0.987
3910.0 0.987
3920.0 0.987
3930.0 0.987
3940.0 0.987
3950.0 0.987
3960.0 0.987
3970.0 0.987
3980.0 0.987
3990.0 0.987
4000.0 0.987
4010.0 0.987
4020.0 0.987
4030.0 0.987
4040.0 0.987
4050.0 0.987
4060.0 0.987
4070.0 0.987
4080.0 0.987
4090.0 0.987
4100.0 0.987
4110.0 0.987
4120.0 0.987
4130.0 0.987
4140.0 0.987
4150.0 0.987
4160.0 0.987
4170.0 0.987
4180.0 0.987
4190.0 0.987
4200.0 0.987
4210.0 0.987
4220.0 0.987
4230.0 0.987
4240.0 0.987
4250.0 0.987
4260.0 0.987
4270.0 0.987
4280.0 0.987
4290.0 0.987
4300.0 0.987
4310.0 0.987
4320.0 0.987
4330.0 0.987
4340.0 0.987
4350.0 0.987
4360.0 0.987
4370.0 0.987
4380.0 0.987
4390.0 0.987
4400.0 0.987
4410.0 0.987
4420.0 0.987
4430.0 0.987
4440.0 0.987
4450.0 0.987
4460.0 0.987
4470.0 0.987
4480.0 0.987
4490.0 0.987
4500.0 0.987
4510.0 0.987
4520.0 0.987
4530.0 0.987
4540.0 0.987
4550.0 0.987
4560.0 0.987
4570.0 0.987
4580.0 0.987
4590.0 0.987
4600.0 0.987
4610.0 0.987
4620.0 0.987
4630.0 0.987
4640.0 0.987
4650.0 0.987
4660.0 0.987
4670.0 0.987
4680.0 0.987
4690.0 0.987
4700.0 0.987
4710.0 0.987
4720.0 0.987
4730.0 0.987
4740.0 0.987
4750.0 0.987
4760.0 0.987
4770.0 0.987
4780.0 0.987
4790.0 0.987
4800.0 0.987
4810.0 0.987
4820.0 0.987
4830.0 0.987
4840.0 0.987
4850.0 0.987
4860.0 0.987
4870.0 0.987
4880.0 0.987
4890.0 0.987
4900.0 0.987
4910.0 0.987
4920.0 0.987
4930.0 0.987
4940.0 0.987
4950.0 0.987
4960.0 0.987
4970.0 0.987
4980.0 0.987
4990.0 0.987
5000.0 0.987
5010.0 0.987
5020.0 0.987
5030.0 0.987
5040.0 0.987
5050.0 0.987
5060.0 0.987
5070.0 0.987
5080.0 0.987
5090.0 0.987
5100.0 0.987
5110.0 0.987
5120.0 0.987
5130.0 0.987
5140.0 0.987
5150.0 0.987
5160.0 0.987
5170.0 0.987
5180.0 0.987
5190.0 0.987
5200.0 0.987
5210.0 0.987
5220.0 0.987
5230.0 0.987
5240.0 0.987
5250.0 0.987
5260.0 0.987
5270.0 0.987
5280.0 0.987
5290.0 0.987
5300.0 0.987
5310.0 0.987
5320.0 0.987
5330.0 0.987
5340.0 0.987
5350.0 0.987
5360.0 0.987
5370.0 0.987
5380.0 0.987
5390.0 0.987
5400.0 0.987
5410.0 0.987
5420.0 0.987
5430.0 0.987
5440.0 0.987
5450.0 0.987
5460.0 0.987
5470.0 0.987
5480.0 0.987
5490.0 0.987
5500.0 0.987
5510.0 0.987
5520.0 0.987
5530.0 0.987
5540.0 0.987
5550.0 0.987
5560.0 0.987
5570.0 0.987
5580.0 0.987
5590.0 0.987
5600.0 0.987
5610.0 0.987
5620.0 0.987
5630.0 0.987
5640.0 0.987
5650.0 0.987
5660.0 0.987
5670.0 0.987
5680.0 0.987
5690.0 0.987
5700.0 0.987
5710.0 0.987
5720.0 0.987
5730.0 0.987
5740.0 0.987
5750.0 0.987
5760.0 0.987
5770.0 0.987
5780.0 0.987
5790.0 0.987
5800.0 0.987
5810.0 0.987
5820.0 0.987
5830.0 0.987
5840.0 0.987
5850.0 0.987
5860.0 0.987
5870.0 0.987
5880.0 0.987
5890.0 0.987
5900.0 0.987
5910.0 0.987
5920.0 0.987
5930.0 0.987
5940.0 0.987
5950.0 0.987
5960.0 0.987
5970.0 0.987
5980.0 0.987
5990.0 0.987
6000.0 0.987
6010.0 0.987
6020.0 0.987
6030.0 0.987
6040.0 0.987
6050.0 0.987
6060.0 0.987
6070.0 0.987
6080.0 0.987
6090.0 0.987
6100.0 0.987
6110.0 0.987
6120.0 0.987
6130.0 0.987
6140.0 0.987
6150.0 0.987
6160.0 0.987
6170.0 0.987
6180.0 0.987
6190.0 0.987
6200.0 0.987
6210.0 0.987
6220.0 0.987
6230.0 0.987
6240.0 0.987
6250.0 0.987
6260.0 0.987
6270.0 0.987
6280.0 0.987
6290.0 0.987
6300.0 0.987
6310.0 0.987
6320.0 0.987
6330.0 0.987
6340.0 0.987
6350.0 0.987
6360.0 0.987
6370.0 0.987
6380.0 0.987
6390.0 0.987
6400.0 0.987
6410.0 0.987
6420.0 0.987
6430.0 0.987
6440.0 0.987
6450.0 0.987
6460.0 0.987
6470.0 0.987
6480.0 0.987
6490.0 0.987
6500.0 0.987
6510.0 0.987
6520.0 0.987
6530.0 0.987
6540.0 0.987
6550.0 0.987
6560.0 0.987
6570.0 0.987
6580.0 0.987
6590.0 0.987
6600.0 0.987
6610.0 0.987
6620.0 0.987
6630.0 0.987
6640.0 0.987
6650.0 0.987
6660.0 0.987
6670.0 0.987
6680.0 0.987
6690.0 0.987
6700.0 0.987
6710.0 0.987
6720.0 0.987
6730.0 0.987
6740.0 0.987
6750.0 0.987
6760.0 0.987
6770.0 0.987
6780.0 0.987
6790.0 0.987
6800.0 0.987
6810.0 0.987
6820.0 0.987
6830.0 0.987
6840.0 0.987
6850.0 0.987
6860.0 0.987
6870.0 0.987
6880.0 0.987
6890.0 0.987
6900.0 0.987
6910.0 0.987
6920.0 0.987
6930.0 0.987
6940.0 0.987
6950.0 0.987
6960.0 0.987
6970.0 0.987
6980.0 0.987
6990.0 0.987
7000.0 0.987
7010.0 0.987
7020.0 0.987
7030.0 0.987
7040.0 0.987
7050.0 0.987
7060.0 0.987
7070.0 0.987
7080.0 0.987
7090.0 0.987
7100.0 0.987
7110.0 0.987
7120.0 0.987
7130.0 0.987
7140.0 0.987
7150.0 0.987
7160.0 0.987
7170.0 0.987
7180.0 0.987
7190.0 0.987
7200.0 0.987
7210.0 0.987
7220.0 0.987
7230.0 0.987
7240.0 0.987
7250.0 0.987
7260.0 0.987
7270.0 0.987
7280.0 0.987
7290.0 0.987
7300.0 0.987
7310.0 0.987
7320.0 0.987
7330.0 0.987
7340.0 0.987
7350.0 0.987
7360.0 0.987
7370.0 0.987
7380.0 0.987
7390.0 0.987
7400.0 0.987
7410.0 0.987
7420.0 0.987
7430.0 0.987
7440.0 0.987
7450.0 0.987
7460.0 0.987
7470.0 0.987
7480.0 0.987
7490.0 0.987
7500.0 0.987
7510.0 0.987
7520.0 0.987
7530.0 0.987
7540.0 0.987
7550.0 0.987
7560.0 0.987
7570.0 0.987
7580.0 0.987
7590.0 0.987
7600.0 0.987
7610.0 0.987
7620.0 0.987
7630.0 0.987
7640.0 0.987
7650.0 0.987
7660.0 0.987
7670.0 0.987
7680.0 0.987
7690.0 0.987
7700.0 0.987
7710.0 0.987
7720.0 0.987
7730.0 0.987
7740.0 0.987
7750.0 0.987
7760.0 0.987
7770.0 0.987
7780.0 0.987
7790.0 0.987
7800.0 0.987
7810.0 0.987
7820.0 0.987
7830.0 0.987
7840.0 0.987
7850.0 0.987
7860.0 0.987
7870.0 0.987
7880.0 0.987
7890.0 0.987
7900.0 0.987
7910.0 0.987
7920.0 0.987
7930.0 0.987
7940.0 0.987
7950.0 0.987
7960.0 0.987
7970.0 0.987
7980.0 0.987
7990.0 0.987
8000.0 0.987
8010.0 0.987
8020.0 0.987
8030.0 0.987
8040.0 0.987
8050.0 0.987
8060.0 0.987
8070.0 0.987
8080.0 0.987
8090.0 0.987
8100.0 0.987
8110.0 0.987
8120.0 0.987
8130.0 0.987
8140.0 0.987
8150.0 0.987
8160.0 0.987
8170.0 0.987
8180.0 0.987
8190.0 0.987
8200.0 0.987
8210.0 0.987
8220.0 0.987
8230.0 0.987
8240.0 0.987
8250.0 0.987
8260.0 0.987
8270.0 0.987
8280.0 0.987
8290.0 0.987
8300.0 0.987
8310.0 0.987
8320.0 0.987
8330.0 0.987
8340.0 0.987
8350.0 0.987
8360.0 0.987
8370.0 0.987
8380.0 0.987
8390.0 0.987
8400.0 0.987
8410.0 0.987
8420.0 0.987
8430.0 0.987
8440.0 0.987
8450.0 0.987
8460.0 0.987
8470.0 0.987
8480.0 0.987
8490.0 0.987
8500.0 0.987
8510.0 0.987
8520.0 0.987
8530.0 0.987
8540.0 0.987
8550.0 0.987
8560.0 0.987
8570.0 0.987
8580.0 0.987
8590.0 0.987
8600.0 0.987
8610.0 0.987
8620.0 0.987
8630.0 0.987
8640.0 0.987
8650.0 0.987
8660.0 0.987
8670.0 0.987
8680.0 0.987
8690.0 0.987
8700.0 0.987
8710.0 0.987
8720.0 0.987
8730.0 0.987
8740.0 0.987
8750.0 0.987
8760.0 0.987
8770.0 0.987
8780.0 0.987
8790.0 0.987
8800.0 0.987
8810.0 0.987
8820.0 0.987
8830.0 0.987
8840.0 0.987
8850.0 0.987
8860.0 0.987
8870.0 0.987
8880.0 0.987
8890.0 0.987
8900.0 0.987
8910.0 0.987
8920.0 0.987
8930.0 0.987
8940.0 0.987
8950.0 0.987
8960.0 0.987
8970.0 0.987
8980.0 0.987
8990.0 0.987
9000.0 0.987
9010.0 0.987
9020.0 0.987
9030.0 0.987
9040.0 0.987
9050.0 0.987
9060.0 0.987
9070.0 0.987
9080.0 0.987
9090.0 0.987
9100.0 0.987
9110.0 0.987
9120.0 0.987
9130.0 0.987
9140.0 0.987
9150.0 0.987
9160.0 0.987
9170.0 0.987
9180.0 0.987
9190.0 0.987
9200.0 0.987
9210.0 0.987
9220.0 0.987
9230.0 0.987
9240.0 0.987
9250.0 0.987
9260.0 0.987
9270.0 0.987
9280.0 0.987
9290.0 0.987
9300.0 0.987
9310.0 0.987
9320.0 0.987
9330.0 0.987
9340.0 0.987
9350.0 0.987
9360.0 0.987
9370.0 0.987
9380.0 0.987
9390.0 0.987
9400.0 0.987
9410.0 0.987
9420.0 0.987
9430.0 0.987
9440.0 0.987
9450.0 0.987
9460.0 0.987
9470.0 0.987
9480.0 0.987
9490.0 0.987
9500.0 0.987
9510.0 0.987
9520.0 0.987
9530.0 0.987
9540.0 0.987
9550.0 0.987
9560.0 0.987
9570.0 0.987
9580.0 0.987
9590.0 0.987
9600.0 0.987
9610.0 0.987
9620.0 0.987
9630.0 0.987
9640.0 0.987
9650.0 0.987
9660.0 0.987
9670.0 0.987
9680.0 0.987
9690.0 0.987
9700.0 0.987
9710.0 0.987
9720.0 0.987
9730.0 0.987
9740.0 0.987
9750.0 0.987
9760.0 0.987
9770.0 0.987
9780.0 0.987
9790.0 0.987
9800.0 0.987
9810.0 0.987
9820.0 0.987
9830.0 0.987
9840.0 0.987
9850.0 0.987
9860.0 0.987
9870.0 0.987
9880.0 0.987
9890.0 0.987
9900.0 0.987
9910.0 0.987
9920.0 0.987
9930.0 0.987
9940.0 0.987
9950.0 0.987
9960.0 0.987
9970.0 0.987
9980.0 0.987
9990.0 0.987
10000.0 0.987
10010.0 0.987
10020.0 0.987
10030.0 0.987
10040.0 0.987
10050.0 0.987
10060.0 0.987
10070.0 0.987
10080.0 0.987
10090.0 0.987
10100.0 0.987
10110.0 0.987
10120.0 0.987
10130.0 0.987
10140.0 0.987
10150.0 0.987
10160.0 0.987
10170.0 0.987
10180.0 0.987
10190.0 0.987
10200.0 0.987
10210.0 0.987
10220.0 0.987
10230.0 0.987
10240.0 0.987
10250.0 0.987
10260.0 0.987
10270.0 0.987
10280.0 0.987
10290.0 0.987
10300.0 0.987
10310.0 0.987
10320.0 0.987
10330.0 0.987
10340.0 0.987
10350.0 0.987
10360.0 0.987
10370.0 0.987
10380.0 0.987
10390.0 0.987
10400.0 0.987
10410.0 0.987
10420.0 0.987
10430.0 0.987
10440.0 0.987
10450.0 0.987
10460.0 0.987
10470.0 0.987
10480.0 0.987
10490.0 0.987
10500.0 0.987
10510.0 0.987
10520.0 0.987
10530.0 0.987
10540.0 0.987
10550.0 0.987
10560.0 0.987
10570.0 0.987
10580.0 0.987
10590.0 0.987
10600.0 0.987
10610.0 0.987
10620.0 0.987
10630.0 0.987
10640.0 0.987
10650.0 0.987
10660.0 0.987
10670.0 0.987
10680.0 0.987
10690.0 0.987
10700.0 0.987
10710.0 0.987
10720.0 0.987
10730.0 0.987
10740.0 0.987
10750.0 0.987
10760.0 0.987
10770.0 0.987
10780.0 0.987
10790.0 0.987
10800.0 0.987
10810.0 0.987
10820.0 0.987
10830.0 0.987
10840.0 0.987
10850.0 0.987
10860.0 0.987
10870.0 0.987
10880.0 0.987
10890.0 0.987
10900.0 0.987
10910.0 0.987
10920.0 0.987
10930.0 0.987
10940.0 0.987
10950.0 0.987
10960.0 0.987
10970.0 0.987
10980.0 0.987
10990.0 0.987
11000.0 0.987
11010.0 0.987
11020.0 0.987
11030.0 0.987
11040.0 0.987
11050.0 0.987
11060.0 0.987
11070.0 0.987
11080.0 0.987
11090.0 0.987
11100.0 0.987
11110.0 0.987
11120.0 0.987
11130.0 0.987
11140.0 0.987
11150.0 0.987
11160.0 0.987
11170.0 0.987
11180.0 0.987
11190.0 0.987
11200.0 0.987
11210.0 0.987
11220.0 0.987
11230.0 0.987
11240.0 0.987
11250.0 0.987
11260.0 0.987
11270.0 0.987
11280.0 0.987
11290.0 0.987
11300.0 0.987
11310.0 0.987
11320.0 0.987
11330.0 0.987
11340.0 0.987
11350.0 0.987
11360.0 0.987
11370.0 0.987
11380.0 0.987
11390.0 0.987
11400.0 0.987
11410.0 0.987
11420.0 0.987
11430.0 0.987
11440.0 0.987
11450.0 0.987
11460.0 0.987
11470.0 0.987
11480.0 0.987
11490.0 0.987
11500.0 0.987
11510.0 0.987
11520.0 0.987
11530.0 0.987
11540.0 0.987
11550.0 0.987
11560.0 0.987
11570.0 0.987
11580.0 0.987
11590.0 0.987
11600.0 0.987
11610.0 0.987
11620.0 0.987
11630.0 0.987
11640.0 0.987
11650.0 0.987
11660.0 0.987
11670.0 0.987
11680.0 0.987
11690.0 0.987
11700.0 0.987
11710.0 0.987
11720.0 0.987
11730.0 0.987
11740.0 0.987
11750.0 0.987
11760.0 0.987
11770.0 0.987
11780.0 0.987
11790.0 0.987
11800.0 0.987
11810.0 0.987
11820.0 0.987
11830.0 0.987
11840.0 0.987
11850.0 0.987
11860.0 0.987
11870.0 0.987
11880.0 0.987
11890.0 0.987
11900.0 0.987
11910.0 0.987
11920.0 0.987
11930.0 0.987
11940.0 0.987
11950.0 0.987
11960.0 0.987
11970.0 0.987
11980.0 0.987
11990.0 0.987
12000.0 0.987
12010.0 0.987
12020.0 0.987
12030.0 0.987
12040.0 0.987
12050.0 0.987
12060.0 0.987
12070.0 0.987
12080.0 0.987
12090.0 0.987
12100.0 0.987
12110.0 0.987
12120.0 0.987
12130.0 0.987
12140.0 0.987
12150.0 0.987
12160.0 0.987
12170.0 0.987
12180.0 0.987
12190.0 0.987
12200.0 0.987
12210.0 0.987
12220.0 0.987
12230.0 0.987
12240.0 0.987
12250.0 0.987
12260.0 0.987
12270.0 0.987
12280.0 0.987
12290.0 0.987
12300.0 0.987
12310.0 0.987
12320.0 0.987
12330.0 0.987
12340.0 0.987
12350.0 0.987
12360.0 0.987
12370.0 0.987
12380.0 0.987
12390.0 0.987
12400.0 0.987
12410.0 0.987
12420.0 0.987
12430.0 0.987
12440.0 0.987
12450.0 0.987
12460.0 0.987
12470.0 0.987
12480.0 0.987
12490.0 0.987
12500.0 0.987
12510.0 0.987
12520.0 0.987
12530.0 0.987
12540.0 0.987
12550.0 0.987
12560.0 0.987
12570.0 0.987
12580.0 0.987
12590.0 0.987
12600.0 0.987
12610.0 0.987
12620.0 0.987
12630.0 0.987
12640.0 0.987
12650.0 0.987
12660.0 0.987
12670.0 0.987
12680.0 0.987
12690.0 0.987
12700.0 0.987
12710.0 0.987
12720.0 0.987
12730.0 0.987
12740.0 0.987
12750.0 0.987
12760.0 0.987
12770.0 0.987
12780.0 0.987
12790.0 0.987
12800.0 0.987
12810.0 0.987
12820.0 0.987
12830.0 0.987
12840.0 0.987
12850.0 0.987
12860.0 0.987
12870.0 0.987
12880.0 0.987
12890.0 0.987
12900.0 0.987
12910.0 0.987
12920.0 0.987
12930.0 0.987
12940.0 0.987
12950.0 0.987
12960.0 0.987
12970.0 0.987
12980.0 0.987
12990.0 0.987
13000.0 0.987
13010.0 0.987
13020.0 0.987
13030.0 0.987
13040.0 0.987
13050.0 0.987
13060.0 0.987
13070.0 0.987
13080.0 0.987
13090.0 0.987
13100.0 0.987
13110.0 0.987
13120.0 0.987
13130.0 0.987
13140.0 0.987
13150.0 0.987
13160.0 0.987
13170.0 0.987
13180.0 0.987
13190.0 0.987
13200.0 0.987
13210.0 0.987
13220.0 0.987
13230.0 0.987
13240.0 0.987
13250.0 0.987
13260.0 0.987
13270.0 0.987
13280.0 0.987
13290.0 0.987
13300.0 0.987
13310.0 0.987
13320.0 0.987
13330.0 0.987
13340.0 0.987
13350.0 0.987
13360.0 0.987
13370.0 0.987
13380.0 0.987
13390.0 0.987
13400.0 0.987
13410.0 0.987
13420.0 0.987
13430.0 0.987
13440.0 0.987
13450.0 0.987
13460.0 0.987
13470.0 0.987
13480.0 0.987
13490.0 0.987
13500.0 0.987
13510.0 0.987
13520.0 0.987
13530.0 0.987
13540.0 0.987
13550.0 0.987
13560.0 0.987
13570.0 0.987
13580.0 0.987
13590.0 0.987
13600.0 0.987
13610.0 0.987
13620.0 0.987
13630.0 0.987
13640.0 0.987
13650.0 0.987
13660.0 0.987
13670.0 0.987
13680.0 0.987
13690.0 0.987
13700.0 0.987
13710.0 0.987
13720.0 0.987
13730.0 0.987
13740.0 0.987
13750.0 0.987
13760.0 0.987
13770.0 0.987
13780.0 0.987
13790.0 0.987
13800.0 0.987
13810.0 0.987
13820.0 0.987
13830.0 0.987
13840.0 0.987
13850.0 0.987
13860.0 0.987
13870.0 0.987
13880.0 0.987
13890.0 0.987
13900.0 0.987
13910.0 0.987
13920.0 0.987
13930.0 0.987
13940.0 0.987
13950.0 0.987
13960.0 0.987
13970.0 0.987
13980.0 0.987
13990.0 0.987
14000.0 0.987
14010.0 0.987
14020.0 0.987
14030.0 0.987
14040.0 0.987
14050.0 0.987
14060.0 0.987
14070.0 0.987
14080.0 0.987
14090.0 0.987
14100.0 0.987
14110.0 0.987
14120.0 0.987
14130.0 0.987
14140.0 0.987
14150.0 0.987
14160.0 0.987
14170.0 0.987
14180.0 0.987
14190.0 0.987
14200.0 0.987
14210.0 0.987
14220.0 0.987
14230.0 0.987
14240.0 0.987
14250.0 0.987
14260.0 0.987
14270.0 0.987
14280.0 0.987
14290.0 0.987
14300.0 0.987
14310.0 0.987
14320.0 0.987
14330.0 0.987
14340.0 0.987
14350.0 0.987
14360.0 0.987
14370.0 0.987
14380.0 0.987
14390.0 0.987
14400.0 0.987
14410.0 0.987
14420.0 0.987
14430.0 0.987
14440.0 0.987
14450.0 0.987
14460.0 0.987
14470.0 0.987
14480.0 0.987
14490.0 0.987
14500.0 0.987
14510.0 0.987
14520.0 0.987
14530.0 0.987
14540.0 0.987
14550.0 0.987
14560.0 0.987
14570.0 0.987
14580.0 0.987
14590.0 0.987
14600.0 0.987
14610.0 0.987
14620.0 0.987
14630.0 0.987
14640.0 0.987
14650.0 0.987
14660.0 0.987
14670.0 0.987
14680.0 0.987
14690.0 0.987
14700.0 0.987
14710.0 0.987
14720.0 0.987
14730.0 0.987
14740.0 0.987
14750.0 0.987
14760.0 0.987
14770.0 0.987
14780.0 0.987
14790.0 0.987
14800.0 0.987
14810.0 0.987
14820.0 0.987
14830.0 0.987
14840.0 0.987
14850.0 0.987
14860.0 0.987
14870.0 0.987
14880.0 0.987
14890.0 0.987
14900.0 0.987
14910.0 0.987
14920.0 0.987
14930.0 0.987
14940.0 0.987
14950.0 0.987
14960.0 0.987
14970.0 0.987
14980.0 0.987
14990.0 0.987
15000.0 0.987
15010.0 0.987
15020.0 0.987
15030.0 0.987
15040.0 0.987
15050.0 0.987
15060.0 0.987
15070.0 0.987
15080.0 0.987
15090.0 0.987
15100.0 0.987
15110.0 0.987
15120.0 0.987
15130.0 0.987
15140.0 0.987
15150.0 0.987
15160.0 0.987
15170.0 0.987
15180.0 0.987
15190.0 0.987
15200.0 0.987
15210.0 0.987
15220.0 0.987
15230.0 0.987
15240.0 0.987
15250.0 0.987
15260.0 0.987
15270.0 0.987
15280.0 0.987
15290.0 0.987
15300.0 0.987
15310.0 0.987
15320.0 0.987
15330.0 0.987
15340.0 0.987
15350.0 0.987
15360.0 0.987
15370.0 0.987
15380.0 0.987
15390.0 0.987
15400.0 0.987
15410.0 0.987
15420.0 0.987
15430.0 0.987
15440.0 0.987
15450.0 0.987
15460.0 0.987
15470.0 0.987
15480.0 0.987
15490.0 0.987
15500.0 0.987
15510.0 0.987
15520.0 0.987
15530.0 0.987
15540.0 0.987
15550.0 0.987
15560.0 0.987
15570.0 0.987
15580.0 0.987
15590.0 0.987
15600.0 0.987
15610.0 0.987
15620.0 0.987
15630.0 0.987
15640.0 0.987
15650.0 0.987
15660.0 0.987
15670.0 0.987
15680.0 0.987
15690.0 0.987
15700.0 0.987
15710.0 0.987
15720.0 0.987
15730.0 0.987
15740.0 0.987
15750.0 0.987
15760.0 0.987
15770.0 0.987
15780.0 0.987
15790.0 0.987
15800.0 0.987
15810.0 0.987
15820.0 0.987
15830.0 0.987
15840.0 0.987
15850.0 0.987
15860.0 0.987
15870.0 0.987
15880.0 0.987
15890.0 0.987
15900.0 0.987
15910.0 0.987
15920.0 0.987
15930.0 0.987
15940.0 0.987
15950.0 0.987
15960.0 0.987
15970.0 0.987
15980.0 0.987
15990.0 0.987
16000.0 0.987
16010.0 0.987
16020.0 0.987
16030.0 0.987
16040.0 0.987
16050.0 0.987
16060.0 0.987
16070.0 0.987
16080.0 0.987
16090.0 0.987
16100.0 0.987
16110.0 0.987
16120.0 0.987
16130.0 0.987
16140.0 0.987
16150.0 0.987
16160.0 0.987
16170.0 0.987
16180.0 0.987
16190.0 0.987
16200.0 0.987
16210.0 0.987
16220.0 0.987
16230.0 0.987
16240.0 0.987
16250.0 0.987
16260.0 0.987
16270.0 0.987
16280.0 0.987
16290.0 0.987
16300.0 0.987
16310.0 0.987
16320.0 0.987
16330.0 0.987
16340.0 0.987
16350.0 0.987
16360.0 0.987
16370.0 0.987
16380.0 0.987
16390.0 0.987
16400.0 0.987
16410.0 0.987
16420.0 0.987
16430.0 0.987
16440.0 0.987
16450.0 0.987
16460.0 0.987
16470.0 0.987
16480.0 0.987
16490.0 0.987
16500.0 0.987
16510.0 0.987
16520.0 0.987
16530.0 0.987
16540.0 0.987
16550.0 0.987
16560.0 0.987
16570.0 0.987
16580.0 0.987
16590.0 0.987
16600.0 0.987
16610.0 0.987
16620.0 0.987
16630.0 0.987
16640.0 0.987
16650.0 0.987
16660.0 0.987
16670.0 0.987
16680.0 0.987
16690.0 0.987
16700.0 0.987
16710.0 0.987
16720.0 0.987
16730.0 0.987
16740.0 0.987
16750.0 0.987
16760.0 0.987
16770.0 0.987
16780.0 0.987
16790.0 0.987
16800.0 0.987
16810.0 0.987
16820.0 0.987
16830.0 0.987
16840.0 0.987
16850.0 0.987
16860.0 0.987
16870.0 0.987
16880.0 0.987
16890.0 0.987
16900.0 0.987
16910.0 0.987
16920.0 0.987
16930.0 0.987
16940.0 0.987
16950.0 0.987
16960.0 0.987
16970.0 0.987
16980.0 0.987
16990.0 0.987
17000.0 0.987
17010.0 0.987
17020.0 0.987
17030.0 0.987
17040.0 0.987
17050.0 0.987
17060.0 0.987
17070.0 0.987
17080.0 0.987
17090.0 0.987
17100.0 0.987
17110.0 0.987
17120.0 0.987
17130.0 0.987
17140.0 0.987
17150.0 0.987
17160.0 0.987
17170.0 0.987
17180.0 0.987
17190.0 0.987
17200.0 0.987
17210.0 0.987
17220.0 0.987
17230.0 0.987
17240.0 0.987
17250.0 0.987
17260.0 0.987
17270.0 0.987
17280.0 0.987
17290.0 0.987
17300.0 0.987
17310.0 0.987
17320.0 0.987
17330.0 0.987
17340.0 0.987
17350.0 0.987
17360.0 0.987
17370.0 0.987
17380.0 0.987
17390.0 0.987
17400.0 0.987
17410.0 0.987
17420.0 0.987
17430.0 0.987
17440.0 0.987
17450.0 0.987
17460.0 0.987
17470.0 0.987
17480.0 0.987
17490.0 0.987
17500.0 0.987
17510.0 0.987
17520.0 0.987
17530.0 0.987
17540.0 0.987
17550.0 0.987
17560.0 0.987
17570.0 0.987
17580.0 0.987
17590.0 0.987
17600.0 0.987
17610.0 0.987
17620.0 0.987
17630.0 0.987
17640.0 0.987
17650.0 0.987
17660.0 0.987
17670.0 0.987
17680.0 0.987
17690.0 0.987
17700.0 0.987
17710.0 0.987
17720.0 0.987
17730.0 0.987
17740.0 0.987
17750.0 0.987
17760.0 0.987
17770.0 0.987
17780.0 0.987
17790.0 0.987
17800.0 0.987
17810.0 0.987
17820.0 0.987
17830.0 0.987
17840.0 0.987
17850.0 0.987
17860.0 0.987
17870.0 0.987
17880.0 0.987
17890.0 0.987
17900.0 0.987
17910.0 0.987
17920.0 0.987
17930.0 0.987
17940.0 0.987
17950.0 0.987
17960.0 0.987
17970.0 0.987
17980.0 0.987
17990.0 0.987
18000.0 0.987
18010.0 0.987
18020.0 0.987
18030.0 0.987
18040.0 0.987
18050.0 0.987
18060.0 0.987
18070.0 0.987
18080.0 0.987
18090.0 0.987
18100.0 0.987
18110.0 0.987
18120.0 0.987
18130.0 0.987
18140.0 0.987
18150.0 0.987
18160.0 0.987
18170.0 0.987
18180.0 0.987
18190.0 0.987
18200.0 0.987
18210.0 0.987
18220.0 0.987
18230.0 0.987
18240.0 0.987
18250.0 0.987
18260.0 0.987
18270.0 0.987
18280.0 0.987
18290.0 0.987
18300.0 0.987
18310.0 0.987
18320.0 0.987
18330.0 0.987
18340.0 0.987
18350.0 0.987
18360.0 0.987
18370.0 0.987
18380.0 0.987
18390.0 0.987
18400.0 0.987
18410.0 0.987
18420.0 0.987
18430.0 0.987
18440.0 0.987
18450.0 0.987
18460.0 0.987
18470.0 0.987
18480.0 0.987
18490.0 0.987
