wave thr
1.00000000e+03 4.09545562e-01
1.00100000e+03 4.10252282e-01
1.00200000e+03 4.10951929e-01
1.00300000e+03 4.11644502e-01
1.00400000e+03 4.12330001e-01
1.00500000e+03 4.13008426e-01
1.00600000e+03 4.13679777e-01
1.00700000e+03 4.14344055e-01
1.00800000e+03 4.15001259e-01
1.00900000e+03 4.15651388e-01
1.01000000e+03 4.16294445e-01
1.01100000e+03 4.16930427e-01
1.01200000e+03 4.17559335e-01
1.01300000e+03 4.18181170e-01
1.01400000e+03 4.18795931e-01
1.01500000e+03 4.19403618e-01
1.01600000e+03 4.20004231e-01
1.01700000e+03 4.20597771e-01
1.01800000e+03 4.21184237e-01
1.01900000e+03 4.21763628e-01
1.02000000e+03 4.22335946e-01
1.02100000e+03 4.22901191e-01
1.02200000e+03 4.23459361e-01
1.02300000e+03 4.24010458e-01
1.02400000e+03 4.24554481e-01
1.02500000e+03 4.25091430e-01
1.02600000e+03 4.25621305e-01
1.02700000e+03 4.26144106e-01
1.02800000e+03 4.26659834e-01
1.02900000e+03 4.27168488e-01
1.03000000e+03 4.27670068e-01
1.03100000e+03 4.28164574e-01
1.03200000e+03 4.28652006e-01
1.03300000e+03 4.29132365e-01
1.03400000e+03 4.29605650e-01
1.03500000e+03 4.30071861e-01
1.03600000e+03 4.30530998e-01
1.03700000e+03 4.30983061e-01
1.03800000e+03 4.31428051e-01
1.03900000e+03 4.31865967e-01
1.04000000e+03 4.32296808e-01
1.04100000e+03 4.32720577e-01
1.04200000e+03 4.33137271e-01
1.04300000e+03 4.33546891e-01
1.04400000e+03 4.33949438e-01
1.04500000e+03 4.34344911e-01
1.04600000e+03 4.34733310e-01
1.04700000e+03 4.35114635e-01
1.04800000e+03 4.35488887e-01
1.04900000e+03 4.35856065e-01
1.05000000e+03 4.36216169e-01
1.05100000e+03 4.36569199e-01
1.05200000e+03 4.36915155e-01
1.05300000e+03 4.37254037e-01
1.05400000e+03 4.37585846e-01
1.05500000e+03 4.37910581e-01
1.05600000e+03 4.38228242e-01
1.05700000e+03 4.38538829e-01
1.05800000e+03 4.38842343e-01
1.05900000e+03 4.39138782e-01
1.06000000e+03 4.39428148e-01
1.06100000e+03 4.39710440e-01
1.06200000e+03 4.39985658e-01
1.06300000e+03 4.40253803e-01
1.06400000e+03 4.40514873e-01
1.06500000e+03 4.40768870e-01
1.06600000e+03 4.41015793e-01
1.06700000e+03 4.41255642e-01
1.06800000e+03 4.41488418e-01
1.06900000e+03 4.41714119e-01
1.07000000e+03 4.41932747e-01
1.07100000e+03 4.42144301e-01
1.07200000e+03 4.42348781e-01
1.07300000e+03 4.42546187e-01
1.07400000e+03 4.42736520e-01
1.07500000e+03 4.42919779e-01
1.07600000e+03 4.43095964e-01
1.07700000e+03 4.43265075e-01
1.07800000e+03 4.43427112e-01
1.07900000e+03 4.43582076e-01
1.08000000e+03 4.43729965e-01
1.08100000e+03 4.43870781e-01
1.08200000e+03 4.44004523e-01
1.08300000e+03 4.44131192e-01
1.08400000e+03 4.44250786e-01
1.08500000e+03 4.44363307e-01
1.08600000e+03 4.44468754e-01
1.08700000e+03 4.44567127e-01
1.08800000e+03 4.44658426e-01
1.08900000e+03 4.44742651e-01
1.09000000e+03 4.44819803e-01
1.09100000e+03 4.44889881e-01
1.09200000e+03 4.44952885e-01
1.09300000e+03 4.45008815e-01
1.09400000e+03 4.45057672e-01
1.09500000e+03 4.45099454e-01
1.09600000e+03 4.45134163e-01
1.09700000e+03 4.45161798e-01
1.09800000e+03 4.45182359e-01
1.09900000e+03 4.45195847e-01
1.10000000e+03 4.45202260e-01
1.10100000e+03 4.45201600e-01
1.10200000e+03 4.45193866e-01
1.10300000e+03 4.45179058e-01
1.10400000e+03 4.45157177e-01
1.10500000e+03 4.45128221e-01
1.10600000e+03 4.45092192e-01
1.10700000e+03 4.45049089e-01
1.10800000e+03 4.44998912e-01
1.10900000e+03 4.44941661e-01
1.11000000e+03 4.44877337e-01
1.11100000e+03 4.44805939e-01
1.11200000e+03 4.44727466e-01
1.11300000e+03 4.44641921e-01
1.11400000e+03 4.44549301e-01
1.11500000e+03 4.44449607e-01
1.11600000e+03 4.44342840e-01
1.11700000e+03 4.44228999e-01
1.11800000e+03 4.44108084e-01
1.11900000e+03 4.43980095e-01
1.12000000e+03 4.43845033e-01
1.12100000e+03 4.43702896e-01
1.12200000e+03 4.43553686e-01
1.12300000e+03 4.43397402e-01
1.12400000e+03 4.43234045e-01
1.12500000e+03 4.43063613e-01
1.12600000e+03 4.42886108e-01
1.12700000e+03 4.42701528e-01
1.12800000e+03 4.42509875e-01
1.12900000e+03 4.42311149e-01
1.13000000e+03 4.42105348e-01
1.13100000e+03 4.41892474e-01
1.13200000e+03 4.41672526e-01
1.13300000e+03 4.41445504e-01
1.13400000e+03 4.41211408e-01
1.13500000e+03 4.40970238e-01
1.13600000e+03 4.40721995e-01
1.13700000e+03 4.40466677e-01
1.13800000e+03 4.40204286e-01
1.13900000e+03 4.39934822e-01
1.14000000e+03 4.39658283e-01
1.14100000e+03 4.39374670e-01
1.14200000e+03 4.39083984e-01
1.14300000e+03 4.38786224e-01
1.14400000e+03 4.38481390e-01
1.14500000e+03 4.38169483e-01
1.14600000e+03 4.37850501e-01
1.14700000e+03 4.37524446e-01
1.14800000e+03 4.37191317e-01
1.14900000e+03 4.36851114e-01
1.15000000e+03 4.36503837e-01
1.15100000e+03 4.36149487e-01
1.15200000e+03 4.35788062e-01
1.15300000e+03 4.35419564e-01
1.15400000e+03 4.35043992e-01
1.15500000e+03 4.34661346e-01
1.15600000e+03 4.34271627e-01
1.15700000e+03 4.33874834e-01
1.15800000e+03 4.33470966e-01
1.15900000e+03 4.33060025e-01
1.16000000e+03 4.32642011e-01
1.16100000e+03 4.32216922e-01
1.16200000e+03 4.31784760e-01
1.16300000e+03 4.31345524e-01
1.16400000e+03 4.30899214e-01
1.16500000e+03 4.30445830e-01
1.16600000e+03 4.29985372e-01
1.16700000e+03 4.29517841e-01
1.16800000e+03 4.29043236e-01
1.16900000e+03 4.28561556e-01
1.17000000e+03 4.28072804e-01
1.17100000e+03 4.27576977e-01
1.17200000e+03 4.27074077e-01
1.17300000e+03 4.26564102e-01
1.17400000e+03 4.26047054e-01
1.17500000e+03 4.25522932e-01
1.17600000e+03 4.24991737e-01
1.17700000e+03 4.24453467e-01
1.17800000e+03 4.23908124e-01
1.17900000e+03 4.23355707e-01
1.18000000e+03 4.22796216e-01
1.18100000e+03 4.22229651e-01
1.18200000e+03 4.21656013e-01
1.18300000e+03 4.21075301e-01
1.18400000e+03 4.20487514e-01
1.18500000e+03 4.19892655e-01
1.18600000e+03 4.19290721e-01
1.18700000e+03 4.18681713e-01
1.18800000e+03 4.18065632e-01
1.18900000e+03 4.17442477e-01
1.19000000e+03 4.16812248e-01
1.19100000e+03 4.16174945e-01
1.19200000e+03 4.15530569e-01
1.19300000e+03 4.14879118e-01
1.19400000e+03 4.14220594e-01
1.19500000e+03 4.13554996e-01
1.19600000e+03 4.12882324e-01
1.19700000e+03 4.12202579e-01
1.19800000e+03 4.11515759e-01
1.19900000e+03 4.10821866e-01
1.20000000e+03 4.10120899e-01
1.20100000e+03 4.09412858e-01
1.20200000e+03 4.08697744e-01
1.20300000e+03 4.07975555e-01
1.20400000e+03 4.07246293e-01
1.20500000e+03 4.06509957e-01
1.20600000e+03 4.05766547e-01
1.20700000e+03 4.05016063e-01
1.20800000e+03 4.04258506e-01
1.20900000e+03 4.03493875e-01
1.21000000e+03 4.02722170e-01
1.21100000e+03 4.01943391e-01
1.21200000e+03 4.01157538e-01
1.21300000e+03 4.00364612e-01
1.21400000e+03 3.99564611e-01
1.21500000e+03 3.98757537e-01
1.21600000e+03 3.97943389e-01
1.21700000e+03 3.97122168e-01
1.21800000e+03 3.96293872e-01
1.21900000e+03 3.95458503e-01
1.22000000e+03 3.94616060e-01
1.22100000e+03 3.93766543e-01
1.22200000e+03 3.92909952e-01
1.22300000e+03 3.92046288e-01
1.22400000e+03 3.91175549e-01
1.22500000e+03 3.90297737e-01
1.22600000e+03 3.89412851e-01
1.22700000e+03 3.88520891e-01
1.22800000e+03 3.87621858e-01
1.22900000e+03 3.86715750e-01
1.23000000e+03 3.85802569e-01
1.23100000e+03 3.84882314e-01
1.23200000e+03 3.83954985e-01
1.23300000e+03 3.83020583e-01
1.23400000e+03 3.82079106e-01
1.23500000e+03 3.81130556e-01
1.23600000e+03 3.80174932e-01
1.23700000e+03 3.79212234e-01
1.23800000e+03 3.78242463e-01
1.23900000e+03 3.77265617e-01
1.24000000e+03 3.76281698e-01
1.24100000e+03 3.75290705e-01
1.24200000e+03 3.74292638e-01
1.24300000e+03 3.73287497e-01
1.24400000e+03 3.72275283e-01
1.24500000e+03 3.71255995e-01
1.24600000e+03 3.70229633e-01
1.24700000e+03 3.69196197e-01
1.24800000e+03 3.68155687e-01
1.24900000e+03 3.67108104e-01
1.25000000e+03 3.66053446e-01
1.25100000e+03 3.64991715e-01
1.25200000e+03 3.63922910e-01
1.25300000e+03 3.62847032e-01
1.25400000e+03 3.61764079e-01
1.25500000e+03 3.60674053e-01
1.25600000e+03 3.59576953e-01
1.25700000e+03 3.58472779e-01
1.25800000e+03 3.57361531e-01
1.25900000e+03 3.56243209e-01
1.26000000e+03 3.55117814e-01
1.26100000e+03 3.53985345e-01
1.26200000e+03 3.52845802e-01
1.26300000e+03 3.51699185e-01
1.26400000e+03 3.50545494e-01
1.26500000e+03 3.49384730e-01
1.26600000e+03 3.48216892e-01
1.26700000e+03 3.47041980e-01
1.26800000e+03 3.45859994e-01
1.26900000e+03 3.44670934e-01
1.27000000e+03 3.43474801e-01
1.27100000e+03 3.42271594e-01
1.27200000e+03 3.41061313e-01
1.27300000e+03 3.39843958e-01
1.27400000e+03 3.38619529e-01
1.27500000e+03 3.37388027e-01
1.27600000e+03 3.36149451e-01
1.27700000e+03 3.34903801e-01
1.27800000e+03 3.33651077e-01
1.27900000e+03 3.32391279e-01
1.28000000e+03 3.31124407e-01
1.28100000e+03 3.29850462e-01
1.28200000e+03 3.28569443e-01
1.28300000e+03 3.27281350e-01
1.28400000e+03 3.25986184e-01
1.28500000e+03 3.24683943e-01
1.28600000e+03 3.23374629e-01
1.28700000e+03 3.22058241e-01
1.28800000e+03 3.20734779e-01
1.28900000e+03 3.19404243e-01
1.29000000e+03 3.18066633e-01
1.29100000e+03 3.16721950e-01
1.29200000e+03 3.15370193e-01
1.29300000e+03 3.14011362e-01
1.29400000e+03 3.12645457e-01
1.29500000e+03 3.11272479e-01
1.29600000e+03 3.09892426e-01
1.29700000e+03 3.08505300e-01
1.29800000e+03 3.07111100e-01
1.29900000e+03 3.05709826e-01
