wave thr
1.45000000e+03 3.06222649e-01
1.45100000e+03 3.07732530e-01
1.45200000e+03 3.09232403e-01
1.45300000e+03 3.10722269e-01
1.45400000e+03 3.12202126e-01
1.45500000e+03 3.13671975e-01
1.45600000e+03 3.15131817e-01
1.45700000e+03 3.16581650e-01
1.45800000e+03 3.18021476e-01
1.45900000e+03 3.19451293e-01
1.46000000e+03 3.20871103e-01
1.46100000e+03 3.22280905e-01
1.46200000e+03 3.23680699e-01
1.46300000e+03 3.25070485e-01
1.46400000e+03 3.26450263e-01
1.46500000e+03 3.27820033e-01
1.46600000e+03 3.29179796e-01
1.46700000e+03 3.30529550e-01
1.46800000e+03 3.31869297e-01
1.46900000e+03 3.33199035e-01
1.47000000e+03 3.34518766e-01
1.47100000e+03 3.35828489e-01
1.47200000e+03 3.37128203e-01
1.47300000e+03 3.38417910e-01
1.47400000e+03 3.39697609e-01
1.47500000e+03 3.40967300e-01
1.47600000e+03 3.42226984e-01
1.47700000e+03 3.43476659e-01
1.47800000e+03 3.44716326e-01
1.47900000e+03 3.45945986e-01
1.48000000e+03 3.47165637e-01
1.48100000e+03 3.48375281e-01
1.48200000e+03 3.49574917e-01
1.48300000e+03 3.50764544e-01
1.48400000e+03 3.51944164e-01
1.48500000e+03 3.53113776e-01
1.48600000e+03 3.54273380e-01
1.48700000e+03 3.55422976e-01
1.48800000e+03 3.56562565e-01
1.48900000e+03 3.57692145e-01
1.49000000e+03 3.58811717e-01
1.49100000e+03 3.59921282e-01
1.49200000e+03 3.61020839e-01
1.49300000e+03 3.62110387e-01
1.49400000e+03 3.63189928e-01
1.49500000e+03 3.64259461e-01
1.49600000e+03 3.65318986e-01
1.49700000e+03 3.66368503e-01
1.49800000e+03 3.67408012e-01
1.49900000e+03 3.68437513e-01
1.50000000e+03 3.69457007e-01
1.50100000e+03 3.70466492e-01
1.50200000e+03 3.71465969e-01
1.50300000e+03 3.72455439e-01
1.50400000e+03 3.73434901e-01
1.50500000e+03 3.74404354e-01
1.50600000e+03 3.75363800e-01
1.50700000e+03 3.76313238e-01
1.50800000e+03 3.77252668e-01
1.50900000e+03 3.78182090e-01
1.51000000e+03 3.79101504e-01
1.51100000e+03 3.80010911e-01
1.51200000e+03 3.80910309e-01
1.51300000e+03 3.81799700e-01
1.51400000e+03 3.82679082e-01
1.51500000e+03 3.83548457e-01
1.51600000e+03 3.84407823e-01
1.51700000e+03 3.85257182e-01
1.51800000e+03 3.86096533e-01
1.51900000e+03 3.86925876e-01
1.52000000e+03 3.87745211e-01
1.52100000e+03 3.88554538e-01
1.52200000e+03 3.89353858e-01
1.52300000e+03 3.90143169e-01
1.52400000e+03 3.90922472e-01
1.52500000e+03 3.91691768e-01
1.52600000e+03 3.92451055e-01
1.52700000e+03 3.93200335e-01
1.52800000e+03 3.93939607e-01
1.52900000e+03 3.94668871e-01
1.53000000e+03 3.95388127e-01
1.53100000e+03 3.96097375e-01
1.53200000e+03 3.96796615e-01
1.53300000e+03 3.97485847e-01
1.53400000e+03 3.98165071e-01
1.53500000e+03 3.98834288e-01
1.53600000e+03 3.99493496e-01
1.53700000e+03 4.00142697e-01
1.53800000e+03 4.00781889e-01
1.53900000e+03 4.01411074e-01
1.54000000e+03 4.02030251e-01
1.54100000e+03 4.02639420e-01
1.54200000e+03 4.03238581e-01
1.54300000e+03 4.03827734e-01
1.54400000e+03 4.04406879e-01
1.54500000e+03 4.04976016e-01
1.54600000e+03 4.05535146e-01
1.54700000e+03 4.06084267e-01
1.54800000e+03 4.06623381e-01
1.54900000e+03 4.07152486e-01
1.55000000e+03 4.07671584e-01
1.55100000e+03 4.08180674e-01
1.55200000e+03 4.08679756e-01
1.55300000e+03 4.09168830e-01
1.55400000e+03 4.09647896e-01
1.55500000e+03 4.10116954e-01
1.55600000e+03 4.10576004e-01
1.55700000e+03 4.11025047e-01
1.55800000e+03 4.11464081e-01
1.55900000e+03 4.11893108e-01
1.56000000e+03 4.12312126e-01
1.56100000e+03 4.12721137e-01
1.56200000e+03 4.13120140e-01
1.56300000e+03 4.13509134e-01
1.56400000e+03 4.13888121e-01
1.56500000e+03 4.14257100e-01
1.56600000e+03 4.14616072e-01
1.56700000e+03 4.14965035e-01
1.56800000e+03 4.15303990e-01
1.56900000e+03 4.15632937e-01
1.57000000e+03 4.15951877e-01
1.57100000e+03 4.16260809e-01
1.57200000e+03 4.16559732e-01
1.57300000e+03 4.16848648e-01
1.57400000e+03 4.17127556e-01
1.57500000e+03 4.17396456e-01
1.57600000e+03 4.17655348e-01
1.57700000e+03 4.17904232e-01
1.57800000e+03 4.18143108e-01
1.57900000e+03 4.18371976e-01
1.58000000e+03 4.18590837e-01
1.58100000e+03 4.18799689e-01
1.58200000e+03 4.18998534e-01
1.58300000e+03 4.19187370e-01
1.58400000e+03 4.19366199e-01
1.58500000e+03 4.19535020e-01
1.58600000e+03 4.19693833e-01
1.58700000e+03 4.19842638e-01
1.58800000e+03 4.19981435e-01
1.58900000e+03 4.20110224e-01
1.59000000e+03 4.20229005e-01
1.59100000e+03 4.20337778e-01
1.59200000e+03 4.20436544e-01
1.59300000e+03 4.20525301e-01
1.59400000e+03 4.20604051e-01
1.59500000e+03 4.20672793e-01
1.59600000e+03 4.20731526e-01
1.59700000e+03 4.20780252e-01
1.59800000e+03 4.20818970e-01
1.59900000e+03 4.20847680e-01
1.60000000e+03 4.20866382e-01
1.60100000e+03 4.20875076e-01
1.60200000e+03 4.20873763e-01
1.60300000e+03 4.20862441e-01
1.60400000e+03 4.20841112e-01
1.60500000e+03 4.20809774e-01
1.60600000e+03 4.20768429e-01
1.60700000e+03 4.20717076e-01
1.60800000e+03 4.20655714e-01
1.60900000e+03 4.20584345e-01
1.61000000e+03 4.20502968e-01
1.61100000e+03 4.20411583e-01
1.61200000e+03 4.20310191e-01
1.61300000e+03 4.20198790e-01
1.61400000e+03 4.20077381e-01
1.61500000e+03 4.19945965e-01
1.61600000e+03 4.19804540e-01
1.61700000e+03 4.19653108e-01
1.61800000e+03 4.19491668e-01
1.61900000e+03 4.19320219e-01
1.62000000e+03 4.19138763e-01
1.62100000e+03 4.18947299e-01
1.62200000e+03 4.18745827e-01
1.62300000e+03 4.18534347e-01
1.62400000e+03 4.18312860e-01
1.62500000e+03 4.18081364e-01
1.62600000e+03 4.17839860e-01
1.62700000e+03 4.17588349e-01
1.62800000e+03 4.17326830e-01
1.62900000e+03 4.17055302e-01
1.63000000e+03 4.16773767e-01
1.63100000e+03 4.16482224e-01
1.63200000e+03 4.16180673e-01
1.63300000e+03 4.15869114e-01
1.63400000e+03 4.15547547e-01
1.63500000e+03 4.15215972e-01
1.63600000e+03 4.14874389e-01
1.63700000e+03 4.14522799e-01
1.63800000e+03 4.14161200e-01
1.63900000e+03 4.13789594e-01
1.64000000e+03 4.13407980e-01
1.64100000e+03 4.13016357e-01
1.64200000e+03 4.12614727e-01
1.64300000e+03 4.12203089e-01
1.64400000e+03 4.11781443e-01
1.64500000e+03 4.11349789e-01
1.64600000e+03 4.10908127e-01
1.64700000e+03 4.10456458e-01
1.64800000e+03 4.09994780e-01
1.64900000e+03 4.09523094e-01
1.65000000e+03 4.09041401e-01
1.65100000e+03 4.08549699e-01
1.65200000e+03 4.08047990e-01
1.65300000e+03 4.07536273e-01
1.65400000e+03 4.07014548e-01
1.65500000e+03 4.06482815e-01
1.65600000e+03 4.05941074e-01
1.65700000e+03 4.05389325e-01
1.65800000e+03 4.04827568e-01
1.65900000e+03 4.04255804e-01
1.66000000e+03 4.03674031e-01
1.66100000e+03 4.03082251e-01
1.66200000e+03 4.02480462e-01
1.66300000e+03 4.01868666e-01
1.66400000e+03 4.01246862e-01
1.66500000e+03 4.00615049e-01
1.66600000e+03 3.99973229e-01
1.66700000e+03 3.99321401e-01
1.66800000e+03 3.98659566e-01
1.66900000e+03 3.97987722e-01
1.67000000e+03 3.97305870e-01
1.67100000e+03 3.96614010e-01
1.67200000e+03 3.95912143e-01
1.67300000e+03 3.95200267e-01
1.67400000e+03 3.94478384e-01
1.67500000e+03 3.93746493e-01
1.67600000e+03 3.93004594e-01
1.67700000e+03 3.92252687e-01
1.67800000e+03 3.91490772e-01
1.67900000e+03 3.90718849e-01
1.68000000e+03 3.89936918e-01
1.68100000e+03 3.89144979e-01
1.68200000e+03 3.88343032e-01
1.68300000e+03 3.87531078e-01
1.68400000e+03 3.86709115e-01
1.68500000e+03 3.85877145e-01
1.68600000e+03 3.85035167e-01
1.68700000e+03 3.84183181e-01
1.68800000e+03 3.83321186e-01
1.68900000e+03 3.82449184e-01
1.69000000e+03 3.81567175e-01
1.69100000e+03 3.80675157e-01
1.69200000e+03 3.79773131e-01
1.69300000e+03 3.78861097e-01
1.69400000e+03 3.77939056e-01
1.69500000e+03 3.77007006e-01
1.69600000e+03 3.76064949e-01
1.69700000e+03 3.75112883e-01
1.69800000e+03 3.74150810e-01
1.69900000e+03 3.73178729e-01
1.70000000e+03 3.72196640e-01
1.70100000e+03 3.71204543e-01
1.70200000e+03 3.70202438e-01
1.70300000e+03 3.69190325e-01
1.70400000e+03 3.68168205e-01
1.70500000e+03 3.67136076e-01
1.70600000e+03 3.66093939e-01
1.70700000e+03 3.65041795e-01
1.70800000e+03 3.63979643e-01
1.70900000e+03 3.62907482e-01
1.71000000e+03 3.61825314e-01
1.71100000e+03 3.60733138e-01
1.71200000e+03 3.59630954e-01
1.71300000e+03 3.58518762e-01
1.71400000e+03 3.57396562e-01
1.71500000e+03 3.56264355e-01
1.71600000e+03 3.55122139e-01
1.71700000e+03 3.53969915e-01
1.71800000e+03 3.52807684e-01
1.71900000e+03 3.51635445e-01
1.72000000e+03 3.50453197e-01
1.72100000e+03 3.49260942e-01
1.72200000e+03 3.48058679e-01
1.72300000e+03 3.46846408e-01
1.72400000e+03 3.45624129e-01
1.72500000e+03 3.44391842e-01
1.72600000e+03 3.43149547e-01
1.72700000e+03 3.41897245e-01
1.72800000e+03 3.40634934e-01
1.72900000e+03 3.39362616e-01
1.73000000e+03 3.38080289e-01
1.73100000e+03 3.36787955e-01
1.73200000e+03 3.35485613e-01
1.73300000e+03 3.34173263e-01
1.73400000e+03 3.32850905e-01
1.73500000e+03 3.31518539e-01
1.73600000e+03 3.30176165e-01
1.73700000e+03 3.28823783e-01
1.73800000e+03 3.27461393e-01
1.73900000e+03 3.26088996e-01
1.74000000e+03 3.24706590e-01
1.74100000e+03 3.23314177e-01
1.74200000e+03 3.21911755e-01
1.74300000e+03 3.20499326e-01
1.74400000e+03 3.19076889e-01
1.74500000e+03 3.17644444e-01
1.74600000e+03 3.16201991e-01
1.74700000e+03 3.14749530e-01
1.74800000e+03 3.13287061e-01
1.74900000e+03 3.11814584e-01
1.75000000e+03 3.10332100e-01
1.75100000e+03 3.08839607e-01
1.75200000e+03 3.07337107e-01
1.75300000e+03 3.05824598e-01
1.75400000e+03 3.04302082e-01
1.75500000e+03 3.02769558e-01
1.75600000e+03 3.01227026e-01
1.75700000e+03 2.99674485e-01
1.75800000e+03 2.98111938e-01
1.75900000e+03 2.96539382e-01
1.76000000e+03 2.94956818e-01
1.76100000e+03 2.93364246e-01
1.76200000e+03 2.91761667e-01
1.76300000e+03 2.90149079e-01
1.76400000e+03 2.88526484e-01
1.76500000e+03 2.86893880e-01
1.76600000e+03 2.85251269e-01
1.76700000e+03 2.83598650e-01
1.76800000e+03 2.81936023e-01
1.76900000e+03 2.80263388e-01
1.77000000e+03 2.78580745e-01
1.77100000e+03 2.76888094e-01
1.77200000e+03 2.75185436e-01
1.77300000e+03 2.73472769e-01
1.77400000e+03 2.71750094e-01
1.77500000e+03 2.70017412e-01
1.77600000e+03 2.68274722e-01
1.77700000e+03 2.66522023e-01
1.77800000e+03 2.64759317e-01
1.77900000e+03 2.62986603e-01
1.78000000e+03 2.61203881e-01
1.78100000e+03 2.59411151e-01
1.78200000e+03 2.57608413e-01
1.78300000e+03 2.55795668e-01
1.78400000e+03 2.53972914e-01
1.78500000e+03 2.52140152e-01
1.78600000e+03 2.50297383e-01
1.78700000e+03 2.48444606e-01
1.78800000e+03 2.46581820e-01
1.78900000e+03 2.44709027e-01
1.79000000e+03 2.42826226e-01
1.79100000e+03 2.40933417e-01
1.79200000e+03 2.39030600e-01
1.79300000e+03 2.37117775e-01
1.79400000e+03 2.35194942e-01
1.79500000e+03 2.33262102e-01
1.79600000e+03 2.31319253e-01
1.79700000e+03 2.29366397e-01
1.79800000e+03 2.27403532e-01
1.79900000e+03 2.25430660e-01