lamA thr
3500.0 0.9207662448599999
3510.0 0.923352157728
3520.0 0.925938070596
3530.0 0.928523983464
3540.0 0.931109896332
3550.0 0.9336958092
3560.0 0.9342134247599999
3570.0 0.93473104032
3580.0 0.93524865588
3590.0 0.9357662714399999
3600.0 0.9362838869999999
3610.0 0.9364031550719999
3620.0 0.9365224231439999
3630.0 0.9366416912159998
3640.0 0.9367609592880001
3650.0 0.93688022736
3660.0 0.93761433612
3670.0 0.9383484448799999
3680.0 0.9390825536399999
3690.0 0.9398166623999998
3700.0 0.9405507711599999
3710.0 0.940787142372
3720.0 0.9410235135839999
3730.0 0.9412598847959999
3740.0 0.9414962560079998
3750.0 0.94173262722
3760.0 0.94246181568
3770.0 0.9431910041399999
3780.0 0.9439201925999998
3790.0 0.9446493810599998
3800.0 0.9453785695199999
3810.0 0.9452911849919998
3820.0 0.9452038004639999
3830.0 0.9451164159359999
3840.0 0.9450290314079999
3850.0 0.9449416468799999
3860.0 0.9462518243639999
3870.0 0.9475620018479999
3880.0 0.948872179332
3890.0 0.9501823568159999
3900.0 0.9514925342999999
3910.0 0.9520733265119999
3920.0 0.9526541187240001
3930.0 0.9532349109359999
3940.0 0.953815703148
3950.0 0.95439649536
3960.0 0.9553697307
3970.0 0.95634296604
3980.0 0.9573162013799998
3990.0 0.9582894367199999
4000.0 0.9592626720599998
4010.0 0.958242792276
4020.0 0.9572229124919999
4030.0 0.9562030327079999
4040.0 0.9551831529239999
4050.0 0.9541632731399999
4060.0 0.954433299204
4070.0 0.954703325268
4080.0 0.9549733513320001
4090.0 0.955243377396
4100.0 0.95551340346
4110.0 0.9564211004040001
4120.0 0.9573287973479999
4130.0 0.958236494292
4140.0 0.9591441912359998
4150.0 0.96005188818
4160.0 0.9592979014079999
4170.0 0.958543914636
4180.0 0.9577899278639999
4190.0 0.957035941092
4200.0 0.95628195432
4210.0 0.9564224780879998
4220.0 0.9565630018559999
4230.0 0.9567035256239999
4240.0 0.9568440493919999
4250.0 0.9569845731599999
4260.0 0.9574427514959999
4270.0 0.9579009298319999
4280.0 0.9583591081679999
4290.0 0.9588172865039998
4300.0 0.9592754648399999
4310.0 0.9586960503119999
4320.0 0.9581166357839997
4330.0 0.9575372212559999
4340.0 0.9569578067279999
4350.0 0.9563783922
4360.0 0.9553315491719999
4370.0 0.9542847061439999
4380.0 0.953237863116
4390.0 0.952191020088
4400.0 0.95114417706
4410.0 0.9504232547039999
4420.0 0.949702332348
4430.0 0.948981409992
4440.0 0.948260487636
4450.0 0.9475395652799999
4460.0 0.9478276980479999
4470.0 0.9481158308159998
4480.0 0.9484039635839998
4490.0 0.9486920963519998
4500.0 0.9489802291199999
4510.0 0.9486694629719998
4520.0 0.948358696824
4530.0 0.9480479306759999
4540.0 0.9477371645279999
4550.0 0.94742639838
4560.0 0.9469495229039999
4570.0 0.946472647428
4580.0 0.9459957719519999
4590.0 0.945518896476
4600.0 0.9450420209999999
4610.0 0.94518077346
4620.0 0.9453195259199999
4630.0 0.9454582783800001
4640.0 0.94559703084
4650.0 0.9457357833000001
4660.0 0.944680083732
4670.0 0.943624384164
4680.0 0.9425686845960001
4690.0 0.941512985028
4700.0 0.94045728546
4710.0 0.940707630324
4720.0 0.9409579751879998
4730.0 0.941208320052
4740.0 0.9414586649159998
4750.0 0.9417090097799998
4760.0 0.9405039299039998
4770.0 0.939298850028
4780.0 0.9380937701519999
4790.0 0.936888690276
4800.0 0.9356836103999999
4810.0 0.936290184984
4820.0 0.9368967595679999
4830.0 0.937503334152
4840.0 0.938109908736
4850.0 0.93871648332
4860.0 0.939298456404
4870.0 0.9398804294879999
4880.0 0.940462402572
4890.0 0.941044375656
4900.0 0.94162634874
4910.0 0.9413279817479999
4920.0 0.9410296147559999
4930.0 0.940731247764
4940.0 0.9404328807719999
4950.0 0.9401345137799999
4960.0 0.9398457905759999
4970.0 0.939557067372
4980.0 0.9392683441679999
4990.0 0.938979620964
5000.0 0.9386908977599999
5010.0 0.93957163146
5020.0 0.94045236516
5030.0 0.9413330988599999
5040.0 0.94221383256
5050.0 0.94309456626
5060.0 0.9433230649919999
5070.0 0.943551563724
5080.0 0.943780062456
5090.0 0.9440085611879999
5100.0 0.9442370599199998
5110.0 0.9445814809199998
5120.0 0.9449259019199999
5130.0 0.94527032292
5140.0 0.94561474392
5150.0 0.94595916492
5160.0 0.9470154549239999
5170.0 0.9480717449280001
5180.0 0.9491280349319999
5190.0 0.950184324936
5200.0 0.9512406149399999
5210.0 0.9517865714279999
5220.0 0.9523325279160001
5230.0 0.9528784844039999
5240.0 0.9534244408919998
5250.0 0.95397039738
5260.0 0.954209327148
5270.0 0.954448256916
5280.0 0.954687186684
5290.0 0.9549261164519998
5300.0 0.9551650462199999
5310.0 0.9554632163999999
5320.0 0.9557613865799998
5330.0 0.95605955676
5340.0 0.9563577269399999
5350.0 0.9566558971199999
5360.0 0.9559607571359999
5370.0 0.955265617152
5380.0 0.9545704771679998
5390.0 0.9538753371839999
5400.0 0.9531801971999999
5410.0 0.9532841139359999
5420.0 0.9533880306719998
5430.0 0.953491947408
5440.0 0.9535958641439999
5450.0 0.95369978088
5460.0 0.9538259373719999
5470.0 0.9539520938639999
5480.0 0.9540782503559999
5490.0 0.9542044068479998
5500.0 0.95433056334
5510.0 0.9545226518519999
5520.0 0.9547147403639998
5530.0 0.9549068288759999
5540.0 0.9550989173879999
5550.0 0.9552910058999999
5560.0 0.956238852492
5570.0 0.9571866990839999
5580.0 0.958134545676
5590.0 0.9590823922679999
5600.0 0.9600302388599998
5610.0 0.959569501968
5620.0 0.959108765076
5630.0 0.9586480281839999
5640.0 0.9581872912919999
5650.0 0.9577265544
5660.0 0.9568932523919998
5670.0 0.9560599503839999
5680.0 0.9552266483759999
5690.0 0.954393346368
5700.0 0.9535600443599999
5710.0 0.9545561098919999
5720.0 0.955552175424
5730.0 0.956548240956
5740.0 0.9575443064879999
5750.0 0.95854037202
5760.0 0.957717107424
5770.0 0.9568938428279999
5780.0 0.9560705782319999
5790.0 0.9552473136359999
5800.0 0.9544240490399999
5810.0 0.954234715896
5820.0 0.9540453827519999
5830.0 0.9538560496079999
5840.0 0.953666716464
5850.0 0.95347738332
5860.0 0.9533616578640001
5870.0 0.9532459324079999
5880.0 0.9531302069519999
5890.0 0.9530144814959999
5900.0 0.95289875604
5910.0 0.95370863742
5920.0 0.9545185188
5930.0 0.9553284001799999
5940.0 0.9561382815599999
5950.0 0.95694816294
5960.0 0.9571719381839999
5970.0 0.9573957134279999
5980.0 0.9576194886719999
5990.0 0.9578432639159999
6000.0 0.9580670391599999
6010.0 0.9569082101039998
6020.0 0.955749381048
6030.0 0.9545905519919999
6040.0 0.953431722936
6050.0 0.95227289388
6060.0 0.9523522091159999
6070.0 0.952431524352
6080.0 0.952510839588
6090.0 0.9525901548239999
6100.0 0.95266947006
6110.0 0.9532419961679999
6120.0 0.9538145222759999
6130.0 0.9543870483839999
6140.0 0.954959574492
6150.0 0.9555321005999999
6160.0 0.955901713536
6170.0 0.956271326472
6180.0 0.9566409394079999
6190.0 0.9570105523439999
6200.0 0.9573801652799999
6210.0 0.9566161410959999
6220.0 0.9558521169119999
6230.0 0.955088092728
6240.0 0.954324068544
6250.0 0.9535600443599999
6260.0 0.95366927502
6270.0 0.9537785056799999
6280.0 0.95388773634
6290.0 0.9539969669999999
6300.0 0.95410619766
6310.0 0.953803500804
6320.0 0.953500803948
6330.0 0.9531981070919999
6340.0 0.952895410236
6350.0 0.9525927133800001
6360.0 0.951731857692
6370.0 0.950871002004
6380.0 0.9500101463159999
6390.0 0.949149290628
6400.0 0.94828843494
6410.0 0.948681271692
6420.0 0.9490741084439999
6430.0 0.949466945196
6440.0 0.949859781948
6450.0 0.9502526186999999
6460.0 0.950095956348
6470.0 0.9499392939959999
6480.0 0.9497826316439999
6490.0 0.9496259692919998
6500.0 0.9494693069399999
6510.0 0.9492646224599999
6520.0 0.9490599379799999
6530.0 0.9488552534999999
6540.0 0.9486505690199999
6550.0 0.9484458845399999
6560.0 0.948170938176
6570.0 0.9478959918119999
6580.0 0.9476210454480001
6590.0 0.947346099084
6600.0 0.94707115272
6610.0 0.946704295152
6620.0 0.946337437584
6630.0 0.945970580016
6640.0 0.9456037224479998
6650.0 0.9452368648799999
6660.0 0.9456169088519999
6670.0 0.945996952824
6680.0 0.946376996796
6690.0 0.946757040768
6700.0 0.9471370847399999
6710.0 0.9464419447560001
6720.0 0.945746804772
6730.0 0.945051664788
6740.0 0.9443565248039999
6750.0 0.94366138482
6760.0 0.9442423738439999
6770.0 0.944823362868
6780.0 0.945404351892
6790.0 0.945985340916
6800.0 0.9465663299399999
6810.0 0.9461040185519998
6820.0 0.945641707164
6830.0 0.9451793957759999
6840.0 0.944717084388
6850.0 0.9442547729999999
6860.0 0.9444299356799999
6870.0 0.94460509836
6880.0 0.9447802610399999
6890.0 0.94495542372
6900.0 0.9451305863999999
6910.0 0.9445917151439999
6920.0 0.9440528438879998
6930.0 0.943513972632
6940.0 0.9429751013759999
6950.0 0.94243623012
6960.0 0.9427269214439999
6970.0 0.9430176127679999
6980.0 0.9433083040920001
6990.0 0.943598995416
7000.0 0.94388968674
7010.0 0.944792857008
7020.0 0.945696027276
7030.0 0.9465991975439999
7040.0 0.9475023678119999
7050.0 0.94840553808
7060.0 0.948432894948
7070.0 0.9484602518159999
7080.0 0.9484876086839998
7090.0 0.9485149655519999
7100.0 0.9485423224199999
7110.0 0.9478965822479999
7120.0 0.947250842076
7130.0 0.9466051019039999
7140.0 0.9459593617319999
7150.0 0.9453136215599999
7160.0 0.9457542836280001
7170.0 0.946194945696
7180.0 0.9466356077639999
7190.0 0.9470762698319999
7200.0 0.9475169319
7210.0 0.9472811511239999
7220.0 0.9470453703479998
7230.0 0.946809589572
7240.0 0.946573808796
7250.0 0.94633802802
7260.0 0.946528738848
7270.0 0.946719449676
7280.0 0.9469101605039999
7290.0 0.9471008713319999
7300.0 0.9472915821599999
7310.0 0.9479780624159999
7320.0 0.948664542672
7330.0 0.9493510229279999
7340.0 0.9500375031839998
7350.0 0.9507239834399999
7360.0 0.9502166021039999
7370.0 0.949709220768
7380.0 0.9492018394319999
7390.0 0.948694458096
7400.0 0.9481870767599999
7410.0 0.94884639696
7420.0 0.94950571716
7430.0 0.9501650373599999
7440.0 0.9508243575599999
7450.0 0.9514836777599999
7460.0 0.9512908019999999
7470.0 0.95109792624
7480.0 0.9509050504799998
7490.0 0.9507121747199999
7500.0 0.95051929896
7510.0 0.9496169159399999
7520.0 0.9487145329199999
7530.0 0.9478121499
7540.0 0.94690976688
7550.0 0.9460073838599998
7560.0 0.9464317105319999
7570.0 0.9468560372039999
7580.0 0.9472803638759999
7590.0 0.9477046905479999
7600.0 0.9481290172199999
7610.0 0.9495915271919999
7620.0 0.9510540371639999
7630.0 0.952516547136
7640.0 0.9539790571079999
7650.0 0.9554415670799999
7660.0 0.9545848444439999
7670.0 0.953728121808
7680.0 0.9528713991719999
7690.0 0.952014676536
7700.0 0.9511579538999998
7710.0 0.9507470104439999
7720.0 0.9503360669879999
7730.0 0.9499251235319999
7740.0 0.9495141800759999
7750.0 0.94910323662
7760.0 0.9502077455639999
7770.0 0.9513122545079999
7780.0 0.9524167634519999
7790.0 0.9535212723959999
7800.0 0.9546257813399999
7810.0 0.955168392024
7820.0 0.955711002708
7830.0 0.9562536133919999
7840.0 0.956796224076
7850.0 0.9573388347599999
7860.0 0.956158553196
7870.0 0.9549782716319999
7880.0 0.9537979900679999
7890.0 0.952617708504
7900.0 0.9514374269399999
7910.0 0.9519741332639999
7920.0 0.952510839588
7930.0 0.9530475459119999
7940.0 0.9535842522359999
7950.0 0.9541209585599999
7960.0 0.9555744151799999
7970.0 0.9570278717999999
7980.0 0.9584813284199999
7990.0 0.95993478504
8000.0 0.9613882416599999
8010.0 0.959805676368
8020.0 0.9582231110759999
8030.0 0.9566405457839999
8040.0 0.9550579804919999
8050.0 0.9534754151999999
8060.0 0.95418098622
8070.0 0.9548865572399998
8080.0 0.95559212826
8090.0 0.95629769928
8100.0 0.9570032703
8110.0 0.956814724404
8120.0 0.956626178508
8130.0 0.956437632612
8140.0 0.956249086716
8150.0 0.95606054082
8160.0 0.956823974568
8170.0 0.957587408316
8180.0 0.958350842064
8190.0 0.9591142758119998
8200.0 0.9598777095599998
8210.0 0.9600696012599998
8220.0 0.9602614929599999
8230.0 0.96045338466
8240.0 0.9606452763599999
8250.0 0.96083716806
8260.0 0.9606486221639999
8270.0 0.960460076268
8280.0 0.960271530372
8290.0 0.9600829844759999
8300.0 0.95989443858
8310.0 0.9589367513879999
8320.0 0.957979064196
8330.0 0.957021377004
8340.0 0.9560636898119999
8350.0 0.95510600262
8360.0 0.9564419624759999
8370.0 0.957777922332
8380.0 0.959113882188
8390.0 0.9604498420439999
8400.0 0.9617858019
8410.0 0.9614297689920001
8420.0 0.9610737360839999
8430.0 0.9607177031759999
8440.0 0.9603616702679999
8450.0 0.9600056373599999
8460.0 0.9610751137679999
8470.0 0.962144590176
8480.0 0.963214066584
8490.0 0.9642835429919999
8500.0 0.9653530194
8510.0 0.965913736788
8520.0 0.9664744541759999
8530.0 0.967035171564
8540.0 0.967595888952
8550.0 0.96815660634
8560.0 0.9687919154759999
8570.0 0.9694272246119999
8580.0 0.9700625337479999
8590.0 0.970697842884
8600.0 0.9713331520199999
8610.0 0.969044425272
8620.0 0.966755698524
8630.0 0.9644669717759999
8640.0 0.962178245028
8650.0 0.9598895182799999
8660.0 0.962211309444
8670.0 0.964533100608
8680.0 0.966854891772
8690.0 0.969176682936
8700.0 0.9714984740999999
8710.0 0.9700786723320001
8720.0 0.9686588705639999
8730.0 0.967239068796
8740.0 0.9658192670279998
8750.0 0.96439946526
8760.0 0.9645023979359999
8770.0 0.9646053306119999
8780.0 0.9647082632879999
8790.0 0.964811195964
8800.0 0.9649141286399999
8810.0 0.9634089104639999
8820.0 0.961903692288
8830.0 0.9603984741119999
8840.0 0.9588932559359999
8850.0 0.9573880377599999
8860.0 0.9575169496199998
8870.0 0.9576458614799999
8880.0 0.9577747733399998
8890.0 0.9579036851999999
8900.0 0.9580325970599999
8910.0 0.9594063448199999
8920.0 0.9607800925799999
8930.0 0.96215384034
8940.0 0.9635275880999999
8950.0 0.9649013358599999
8960.0 0.9659243646359998
8970.0 0.966947393412
8980.0 0.967970422188
8990.0 0.968993450964
9000.0 0.97001647974
9010.0 0.9692044334279999
9020.0 0.968392387116
9030.0 0.9675803408040001
9040.0 0.966768294492
9050.0 0.96595624818
9060.0 0.966423283056
9070.0 0.9668903179320001
9080.0 0.967357352808
9090.0 0.9678243876839999
9100.0 0.9682914225599999
9110.0 0.9685864437479998
9120.0 0.9688814649359999
9130.0 0.9691764861239999
9140.0 0.9694715073119999
9150.0 0.9697665284999999
9160.0 0.9695746368
9170.0 0.9693827450999999
9180.0 0.9691908534
9190.0 0.9689989616999999
9200.0 0.96880707
9210.0 0.968289848064
9220.0 0.967772626128
9230.0 0.967255404192
9240.0 0.9667381822560001
9250.0 0.96622096032
9260.0 0.966170182824
9270.0 0.9661194053279999
9280.0 0.966068627832
9290.0 0.966017850336
9300.0 0.9659670728399999
9310.0 0.96529495986
9320.0 0.96462284688
9330.0 0.9639507339
9340.0 0.9632786209199999
9350.0 0.96260650794
9360.0 0.963519125184
9370.0 0.9644317424279999
9380.0 0.965344359672
9390.0 0.966256976916
9400.0 0.9671695941599999
9410.0 0.966596477616
9420.0 0.966023361072
9430.0 0.9654502445279999
9440.0 0.9648771279839999
9450.0 0.96430401144
9460.0 0.9630851547239999
9470.0 0.9618662980079999
9480.0 0.9606474412919999
9490.0 0.9594285845759999
9500.0 0.9582097278599998
9510.0 0.9601152616439999
9520.0 0.962020795428
9530.0 0.9639263292119999
9540.0 0.965831862996
9550.0 0.96773739678
9560.0 0.966873982536
9570.0 0.966010568292
9580.0 0.9651471540479999
9590.0 0.964283739804
9600.0 0.96342032556
9610.0 0.9646675232040001
9620.0 0.9659147208479999
9630.0 0.967161918492
9640.0 0.9684091161359999
9650.0 0.96965631378
9660.0 0.9691156712159998
9670.0 0.9685750286519998
9680.0 0.968034386088
9690.0 0.967493743524
9700.0 0.96695310096
9710.0 0.965912555916
9720.0 0.964872010872
9730.0 0.963831465828
9740.0 0.962790920784
9750.0 0.9617503757399999
9760.0 0.961662007152
9770.0 0.9615736385639999
9780.0 0.9614852699759999
9790.0 0.9613969013879999
9800.0 0.9613085328
9810.0 0.962150494536
9820.0 0.9629924562719999
9830.0 0.9638344180079998
9840.0 0.9646763797439999
9850.0 0.9655183414799999
9860.0 0.9648611862119999
9870.0 0.9642040309439998
9880.0 0.963546875676
9890.0 0.9628897204079998
9900.0 0.9622325651399998
9910.0 0.96395368608
9920.0 0.96567480702
9930.0 0.96739592796
9940.0 0.9691170488999999
9950.0 0.9708381698399999
9960.0 0.970799397876
9970.0 0.970760625912
9980.0 0.9707218539479999
9990.0 0.970683081984
10000.0 0.97064431002
10010.0 0.969955664832
10020.0 0.969267019644
10030.0 0.9685783744559999
10040.0 0.9678897292679999
10050.0 0.9672010840799999
10060.0 0.9678377709
10070.0 0.96847445772
10080.0 0.9691111445399999
10090.0 0.9697478313599999
10100.0 0.9703845181799999
10110.0 0.9696553297199999
10120.0 0.9689261412599999
10130.0 0.9681969528000001
10140.0 0.9674677643399999
10150.0 0.9667385758799999
10160.0 0.9661491239400001
10170.0 0.965559672
10180.0 0.9649702200599999
10190.0 0.9643807681199998
10200.0 0.9637913161799998
10210.0 0.9644130452879999
10220.0 0.9650347743959998
10230.0 0.9656565035039999
10240.0 0.966278232612
10250.0 0.96689996172
10260.0 0.9668613865679999
10270.0 0.9668228114159999
10280.0 0.9667842362639999
10290.0 0.966745661112
10300.0 0.9667070859599999
10310.0 0.9658436717159999
10320.0 0.964980257472
10330.0 0.9641168432279998
10340.0 0.9632534289839999
10350.0 0.9623900147399999
10360.0 0.9638712218519999
10370.0 0.965352428964
10380.0 0.9668336360759999
10390.0 0.9683148431879999
10400.0 0.9697960502999999
10410.0 0.9696883941359998
10420.0 0.969580737972
10430.0 0.9694730818079998
10440.0 0.969365425644
10450.0 0.96925776948
10460.0 0.9686403702359999
10470.0 0.9680229709920001
10480.0 0.967405571748
10490.0 0.9667881725040001
10500.0 0.96617077326
10510.0 0.9660963783240001
10520.0 0.966021983388
10530.0 0.9659475884519999
10540.0 0.965873193516
10550.0 0.96579879858
10560.0 0.966913935372
10570.0 0.968029072164
10580.0 0.9691442089559998
10590.0 0.9702593457479999
10600.0 0.9713744825399998
10610.0 0.970530946308
10620.0 0.9696874100759999
10630.0 0.968843873844
10640.0 0.968000337612
10650.0 0.96715680138
10660.0 0.9676063199880001
10670.0 0.9680558385959999
10680.0 0.968505357204
10690.0 0.9689548758119999
10700.0 0.9694043944199999
10710.0 0.9688875661079999
10720.0 0.9683707377959999
10730.0 0.9678539094839999
10740.0 0.9673370811719999
10750.0 0.9668202528599998
10760.0 0.9664606773359998
10770.0 0.9661011018119998
10780.0 0.965741526288
10790.0 0.9653819507639999
10800.0 0.9650223752399999
10810.0 0.965825761824
10820.0 0.966629148408
10830.0 0.967432534992
10840.0 0.9682359215759999
10850.0 0.96903930816
10860.0 0.967613011596
10870.0 0.966186715032
10880.0 0.964760418468
10890.0 0.963334121904
10900.0 0.96190782534
10910.0 0.9617808816
10920.0 0.96165393786
10930.0 0.96152699412
10940.0 0.9614000503799999
10950.0 0.9612731066399999
10960.0 0.9626494129559999
10970.0 0.964025719272
10980.0 0.9654020255879999
10990.0 0.966778331904
11000.0 0.96815463822
11010.0 0.96751893546
11020.0 0.9668832327000001
11030.0 0.9662475299399998
11040.0 0.9656118271799998
11050.0 0.9649761244199999
11060.0 0.9650312317799999
11070.0 0.96508633914
11080.0 0.9651414464999999
11090.0 0.9651965538599999
11100.0 0.96525166122
11110.0 0.96601529178
11120.0 0.9667789223399998
11130.0 0.9675425528999999
11140.0 0.9683061834599999
11150.0 0.9690698140199999
11160.0 0.9684829206359998
11170.0 0.9678960272519999
11180.0 0.967309133868
11190.0 0.9667222404839999
11200.0 0.9661353470999999
11210.0 0.967127673204
11220.0 0.9681199993079999
11230.0 0.9691123254119999
11240.0 0.9701046515159998
11250.0 0.9710969776199999
11260.0 0.9707285455559999
11270.0 0.9703601134919999
11280.0 0.969991681428
11290.0 0.969623249364
11300.0 0.9692548173
11310.0 0.9692306094240001
11320.0 0.969206401548
11330.0 0.9691821936719999
11340.0 0.9691579857959999
11350.0 0.9691337779199999
11360.0 0.9691823904839999
11370.0 0.969231003048
11380.0 0.9692796156119999
11390.0 0.969328228176
11400.0 0.96937684074
11410.0 0.968990498784
11420.0 0.968604156828
11430.0 0.9682178148719999
11440.0 0.9678314729159999
11450.0 0.96744513096
11460.0 0.967554952056
11470.0 0.9676647731520001
11480.0 0.9677745942479999
11490.0 0.9678844153439999
11500.0 0.9679942364399999
11510.0 0.967590968652
11520.0 0.9671877008639999
11530.0 0.9667844330759999
11540.0 0.9663811652879999
11550.0 0.9659778975
11560.0 0.9657458561519999
11570.0 0.965513814804
11580.0 0.9652817734559999
11590.0 0.9650497321079998
11600.0 0.96481769076
11610.0 0.965183367456
11620.0 0.9655490441519999
11630.0 0.9659147208479999
11640.0 0.966280397544
11650.0 0.96664607424
11660.0 0.9672430050359999
11670.0 0.9678399358319999
11680.0 0.9684368666279999
11690.0 0.969033797424
11700.0 0.9696307282199998
11710.0 0.9699739683479999
11720.0 0.9703172084759999
11730.0 0.9706604486039999
11740.0 0.971003688732
11750.0 0.97134692886
11760.0 0.9701424394199999
11770.0 0.96893794998
11780.0 0.96773346054
11790.0 0.9665289711
11800.0 0.9653244816600001
11810.0 0.9662518598040001
11820.0 0.9671792379480001
11830.0 0.9681066160919999
11840.0 0.9690339942359999
11850.0 0.9699613723799999
11860.0 0.9692201783879999
11870.0 0.968478984396
11880.0 0.9677377904039999
11890.0 0.966996596412
11900.0 0.96625540242
11910.0 0.9676395812159999
11920.0 0.969023760012
11930.0 0.970407938808
11940.0 0.9717921176040001
11950.0 0.9731762964
11960.0 0.973936384344
11970.0 0.9746964722879998
11980.0 0.975456560232
11990.0 0.9762166481759998
12000.0 0.9769767361199999
12010.0 0.9772455813119999
12020.0 0.977514426504
12030.0 0.9777832716959998
12040.0 0.9780521168879999
12050.0 0.9783209620799999
12060.0 0.9771381219599999
12070.0 0.9759552818399999
12080.0 0.9747724417199999
12090.0 0.9735896015999999
12100.0 0.9724067614799999
12110.0 0.9725970786839999
12120.0 0.9727873958879999
12130.0 0.9729777130919999
12140.0 0.9731680302959999
12150.0 0.9733583474999998
12160.0 0.972820657116
12170.0 0.9722829667319999
12180.0 0.971745276348
12190.0 0.9712075859639999
12200.0 0.97066989558
12210.0 0.971465212872
12220.0 0.972260530164
12230.0 0.9730558474559999
12240.0 0.9738511647479999
12250.0 0.9746464820399999
12260.0 0.975387676032
12270.0 0.976128870024
12280.0 0.976870064016
12290.0 0.9776112580079999
12300.0 0.9783524519999999
12310.0 0.9759796865279999
12320.0 0.9736069210559999
12330.0 0.971234155584
12340.0 0.9688613901119999
12350.0 0.96648862464
12360.0 0.9685661721119998
12370.0 0.9706437195839999
12380.0 0.9727212670559999
12390.0 0.974798814528
12400.0 0.9768763619999998
12410.0 0.9756228663719999
12420.0 0.9743693707439999
12430.0 0.973115875116
12440.0 0.971862379488
12450.0 0.9706088838599999
12460.0 0.971428999464
12470.0 0.9722491150679999
12480.0 0.9730692306719999
12490.0 0.973889346276
12500.0 0.9747094618800001
12510.0 0.973216052424
12520.0 0.9717226429679999
12530.0 0.970229233512
12540.0 0.9687358240559999
12550.0 0.9672424145999999
12560.0 0.9679094104679999
12570.0 0.968576406336
12580.0 0.9692434022040001
12590.0 0.969910398072
12600.0 0.97057739394
12610.0 0.970642145088
12620.0 0.9707068962359999
12630.0 0.970771647384
12640.0 0.970836398532
12650.0 0.97090114968
12660.0 0.970070406228
12670.0 0.9692396627759999
12680.0 0.968408919324
12690.0 0.9675781758719999
12700.0 0.9667474324199999
12710.0 0.9675331059240001
12720.0 0.9683187794279999
12730.0 0.969104452932
12740.0 0.9698901264359999
12750.0 0.97067579994
12760.0 0.9703750712039999
12770.0 0.970074342468
12780.0 0.9697736137319999
12790.0 0.9694728849959999
12800.0 0.9691721562599999
12810.0 0.9691016975639999
12820.0 0.969031238868
12830.0 0.9689607801719999
12840.0 0.968890321476
12850.0 0.96881986278
12860.0 0.9696726491759999
12870.0 0.970525435572
12880.0 0.9713782219679999
12890.0 0.972231008364
12900.0 0.9730837947600001
12910.0 0.9728639557559999
12920.0 0.972644116752
12930.0 0.972424277748
12940.0 0.972204438744
12950.0 0.9719845997400001
12960.0 0.972551024676
12970.0 0.973117449612
12980.0 0.9736838745480001
12990.0 0.974250299484
13000.0 0.97481672442
13010.0 0.9737824773599999
13020.0 0.9727482302999999
13030.0 0.97171398324
13040.0 0.9706797361799998
13050.0 0.9696454891199999
13060.0 0.9699664894919999
13070.0 0.970287489864
13080.0 0.970608490236
13090.0 0.970929490608
13100.0 0.9712504909799999
13110.0 0.9710489554919999
13120.0 0.9708474200039999
13130.0 0.970645884516
13140.0 0.9704443490279999
13150.0 0.97024281354
13160.0 0.969964127748
13170.0 0.9696854419559999
13180.0 0.969406756164
13190.0 0.9691280703719999
13200.0 0.96884938458
13210.0 0.9695128378319999
13220.0 0.9701762910839999
13230.0 0.970839744336
13240.0 0.971503197588
13250.0 0.9721666508399999
13260.0 0.9719470086479999
13270.0 0.9717273664559999
13280.0 0.971507724264
13290.0 0.9712880820719999
13300.0 0.9710684398799999
13310.0 0.970740157464
13320.0 0.9704118750479999
13330.0 0.970083592632
13340.0 0.969755310216
13350.0 0.9694270278
13360.0 0.969868477116
13370.0 0.9703099264320001
13380.0 0.970751375748
13390.0 0.971192825064
13400.0 0.9716342743799999
13410.0 0.972166454028
13420.0 0.972698633676
13430.0 0.9732308133239999
13440.0 0.9737629929719999
13450.0 0.9742951726199999
13460.0 0.973487652984
13470.0 0.972680133348
13480.0 0.9718726137119998
13490.0 0.971065094076
13500.0 0.9702575744399998
13510.0 0.9694634380199999
13520.0 0.9686693015999999
13530.0 0.9678751651799999
13540.0 0.9670810287599998
13550.0 0.96628689234
13560.0 0.9665760091679999
13570.0 0.9668651259959999
13580.0 0.9671542428239999
13590.0 0.9674433596519999
13600.0 0.96773247648
13610.0 0.9685588900679999
13620.0 0.9693853036559998
13630.0 0.9702117172439999
13640.0 0.971038130832
13650.0 0.9718645444199999
13660.0 0.970993257696
13670.0 0.9701219709719999
13680.0 0.969250684248
13690.0 0.9683793975239999
13700.0 0.9675081107999999
13710.0 0.9673172031599998
13720.0 0.96712629552
13730.0 0.9669353878799999
13740.0 0.96674448024
13750.0 0.9665535726
13760.0 0.9656134016760001
13770.0 0.964673230752
13780.0 0.9637330598280001
13790.0 0.9627928889039999
13800.0 0.9618527179799999
13810.0 0.963770257296
13820.0 0.965687796612
13830.0 0.967605335928
13840.0 0.9695228752439999
13850.0 0.97144041456
13860.0 0.971370743112
13870.0 0.9713010716639999
13880.0 0.9712314002159999
13890.0 0.971161728768
13900.0 0.9710920573199999
13910.0 0.9687249993959999
13920.0 0.966357941472
13930.0 0.9639908835479999
13940.0 0.961623825624
13950.0 0.9592567676999999
13960.0 0.9615008181239999
13970.0 0.9637448685479999
13980.0 0.9659889189719999
13990.0 0.968232969396
14000.0 0.9704770198199999
14010.0 0.9704337211799999
14020.0 0.97039042254
14030.0 0.9703471238999999
14040.0 0.9703038252599999
14050.0 0.97026052662
14060.0 0.9692378914679999
14070.0 0.9682152563159999
14080.0 0.9671926211640001
14090.0 0.966169986012
14100.0 0.9651473508599999
14110.0 0.966217417704
14120.0 0.967287484548
14130.0 0.968357551392
14140.0 0.9694276182359999
14150.0 0.9704976850799999
14160.0 0.9701552321999999
14170.0 0.96981277932
14180.0 0.96947032644
14190.0 0.9691278735600001
14200.0 0.96878542068
14210.0 0.968995222272
14220.0 0.969205023864
14230.0 0.9694148254559999
14240.0 0.9696246270479999
14250.0 0.9698344286399999
14260.0 0.970381369188
14270.0 0.9709283097359999
14280.0 0.9714752502840001
14290.0 0.9720221908319999
14300.0 0.97256913138
14310.0 0.9720156960359999
14320.0 0.9714622606919999
14330.0 0.970908825348
14340.0 0.9703553900040001
14350.0 0.96980195466
14360.0 0.9693081533519999
14370.0 0.9688143520440001
14380.0 0.968320550736
14390.0 0.967826749428
14400.0 0.9673329481199999
14410.0 0.968341412808
14420.0 0.969349877496
14430.0 0.970358342184
14440.0 0.9713668068719999
14450.0 0.97237527156
14460.0 0.972481943664
14470.0 0.972588615768
14480.0 0.9726952878719999
14490.0 0.9728019599759999
14500.0 0.9729086320799999
14510.0 0.9712548208439999
14520.0 0.969601009608
14530.0 0.9679471983719998
14540.0 0.9662933871359999
14550.0 0.9646395758999998
14560.0 0.965743297596
14570.0 0.966847019292
14580.0 0.9679507409879998
14590.0 0.9690544626839999
14600.0 0.9701581843799999
14610.0 0.9705832982999999
14620.0 0.9710084122199999
14630.0 0.9714335261399999
14640.0 0.9718586400599999
14650.0 0.9722837539799999
14660.0 0.970530355872
14670.0 0.9687769577639999
14680.0 0.967023559656
14690.0 0.9652701615479999
14700.0 0.96351676344
14710.0 0.965485670688
14720.0 0.967454577936
14730.0 0.969423485184
14740.0 0.971392392432
14750.0 0.97336129968
14760.0 0.9732550212
14770.0 0.97314874272
14780.0 0.9730424642400001
14790.0 0.97293618576
14800.0 0.97282990728
14810.0 0.971990307288
14820.0 0.9711507072959998
14830.0 0.9703111073039999
14840.0 0.9694715073119998
14850.0 0.9686319073199998
14860.0 0.9690509200679999
14870.0 0.9694699328159999
14880.0 0.969888945564
14890.0 0.9703079583119999
14900.0 0.9707269710599999
14910.0 0.9706449004559998
14920.0 0.9705628298519999
14930.0 0.9704807592479999
14940.0 0.9703986886439998
14950.0 0.9703166180399999
14960.0 0.9711123289559999
14970.0 0.9719080398719999
14980.0 0.972703750788
14990.0 0.9734994617039999
15000.0 0.9742951726199999
15010.0 0.9728785198439999
15020.0 0.971461867068
15030.0 0.9700452142919999
15040.0 0.968628561516
15050.0 0.9672119087399998
15060.0 0.9669113768159999
15070.0 0.9666108448919999
15080.0 0.966310312968
15090.0 0.9660097810439999
15100.0 0.9657092491199999
15110.0 0.9655203096
15120.0 0.96533137008
15130.0 0.9651424305599998
15140.0 0.9649534910399998
15150.0 0.9647645515199998
15160.0 0.9656980308359998
15170.0 0.9666315101519998
15180.0 0.9675649894679998
15190.0 0.9684984687839999
15200.0 0.9694319480999999
15210.0 0.9691054369919998
15220.0 0.9687789258839998
15230.0 0.968452414776
15240.0 0.968125903668
15250.0 0.9677993925599999
15260.0 0.9665954935559999
15270.0 0.9653915945519999
15280.0 0.964187695548
15290.0 0.9629837965439999
15300.0 0.9617798975399999
15310.0 0.963727745904
15320.0 0.965675594268
15330.0 0.967623442632
15340.0 0.9695712909959999
15350.0 0.97151913936
15360.0 0.972214476156
15370.0 0.972909812952
15380.0 0.9736051497479998
15390.0 0.9743004865439999
15400.0 0.97499582334
15410.0 0.9730597836959999
15420.0 0.9711237440520001
15430.0 0.969187704408
15440.0 0.967251664764
15450.0 0.96531562512
15460.0 0.9658647306
15470.0 0.96641383608
15480.0 0.9669629415600001
15490.0 0.9675120470399999
15500.0 0.9680611525199999
15510.0 0.9680828018400001
15520.0 0.96810445116
15530.0 0.9681261004799998
15540.0 0.9681477498
15550.0 0.9681693991199999
15560.0 0.9686019918959998
15570.0 0.9690345846719999
15580.0 0.969467177448
15590.0 0.9698997702240001
15600.0 0.970332363
15610.0 0.9704225028959999
15620.0 0.970512642792
15630.0 0.9706027826879999
15640.0 0.970692922584
15650.0 0.97078306248
15660.0 0.9695541683519999
15670.0 0.9683252742239999
15680.0 0.967096380096
15690.0 0.9658674859679999
15700.0 0.9646385918399999
15710.0 0.965528772516
15720.0 0.9664189531919999
15730.0 0.967309133868
15740.0 0.9681993145439999
15750.0 0.96908949522
15760.0 0.968390025372
15770.0 0.9676905555239999
15780.0 0.966991085676
15790.0 0.9662916158279998
15800.0 0.96559214598
15810.0 0.9649007454239998
15820.0 0.9642093448679999
15830.0 0.963517944312
15840.0 0.9628265437560001
15850.0 0.9621351431999999
15860.0 0.9626336679959999
15870.0 0.963132192792
15880.0 0.9636307175879999
15890.0 0.9641292423840001
15900.0 0.96462776718
15910.0 0.966100511376
15920.0 0.9675732555719999
15930.0 0.969045999768
15940.0 0.9705187439640001
15950.0 0.97199148816
15960.0 0.971042657508
15970.0 0.970093826856
15980.0 0.969144996204
15990.0 0.9681961655519999
16000.0 0.9672473348999999
16010.0 0.966629148408
16020.0 0.9660109619159999
16030.0 0.965392775424
16040.0 0.964774588932
16050.0 0.96415640244
16060.0 0.9650367425159999
16070.0 0.965917082592
16080.0 0.9667974226679998
16090.0 0.967677762744
16100.0 0.9685581028199999
16110.0 0.9679336183439998
16120.0 0.967309133868
16130.0 0.9666846493919999
16140.0 0.966060164916
16150.0 0.9654356804399999
16160.0 0.9650568173399999
16170.0 0.9646779542399999
16180.0 0.9642990911399999
16190.0 0.96392022804
16200.0 0.96354136494
16210.0 0.9639948197880001
16220.0 0.964448274636
16230.0 0.9649017294839999
16240.0 0.965355184332
16250.0 0.9658086391799999
16260.0 0.9655791563880001
16270.0 0.965349673596
16280.0 0.9651201908039999
16290.0 0.9648907080119999
16300.0 0.96466122522
16310.0 0.9654016319639999
16320.0 0.966142038708
16330.0 0.9668824454519999
16340.0 0.967622852196
16350.0 0.9683632589399999
16360.0 0.9691869171599999
16370.0 0.9700105753799999
16380.0 0.9708342336
16390.0 0.97165789182
16400.0 0.97248155004
16410.0 0.970566766092
16420.0 0.968651982144
16430.0 0.9667371981959999
16440.0 0.9648224142479999
16450.0 0.9629076302999999
16460.0 0.9637861990679999
16470.0 0.964664767836
16480.0 0.9655433366039998
16490.0 0.9664219053719999
16500.0 0.9673004741399999
16510.0 0.9660434358959998
16520.0 0.9647863976519998
16530.0 0.963529359408
16540.0 0.9622723211639999
16550.0 0.9610152829199999
16560.0 0.9613789914959999
16570.0 0.9617427000719999
16580.0 0.9621064086479999
16590.0 0.9624701172239999
16600.0 0.9628338258
16610.0 0.9631552197959999
16620.0 0.963476613792
16630.0 0.963798007788
16640.0 0.964119401784
16650.0 0.9644407957799999
16660.0 0.9638617748759999
16670.0 0.963282753972
16680.0 0.962703733068
16690.0 0.962124712164
16700.0 0.96154569126
16710.0 0.9609542712
16720.0 0.96036285114
16730.0 0.95977143108
16740.0 0.9591800110200001
16750.0 0.95858859096
16760.0 0.959260310316
16770.0 0.9599320296719999
16780.0 0.9606037490279999
16790.0 0.9612754683839999
16800.0 0.9619471877399999
16810.0 0.9610314215039999
16820.0 0.9601156552679999
16830.0 0.9591998890319999
16840.0 0.958284122796
16850.0 0.9573683565599999
16860.0 0.958009176432
16870.0 0.9586499963039999
16880.0 0.959290816176
16890.0 0.959931636048
16900.0 0.9605724559200001
16910.0 0.961716327264
16920.0 0.962860198608
16930.0 0.9640040699519999
16940.0 0.9651479412959999
16950.0 0.96629181264
16960.0 0.9651686065559999
16970.0 0.9640454004719999
16980.0 0.9629221943879999
16990.0 0.961798988304
17000.0 0.9606757822199999
17010.0 0.9602400404519998
17020.0 0.959804298684
17030.0 0.959368556916
17040.0 0.9589328151479999
17050.0 0.9584970733799999
17060.0 0.959065466436
17070.0 0.959633859492
17080.0 0.960202252548
17090.0 0.9607706456039999
17100.0 0.96133903866
17110.0 0.9603539946
17120.0 0.95936895054
17130.0 0.9583839064799999
17140.0 0.9573988624199999
17150.0 0.95641381836
17160.0 0.9565456824
17170.0 0.9566775464399999
17180.0 0.95680941048
17190.0 0.9569412745199999
17200.0 0.95707313856
17210.0 0.9567271430639999
17220.0 0.956381147568
17230.0 0.956035152072
17240.0 0.9556891565760001
17250.0 0.95534316108
17260.0 0.9557977968
17270.0 0.9562524325199999
17280.0 0.9567070682399998
17290.0 0.9571617039599999
17300.0 0.9576163396799999
17310.0 0.9583408046519999
17320.0 0.9590652696239998
17330.0 0.9597897345959999
17340.0 0.9605141995679998
17350.0 0.9612386645399998
17360.0 0.9614844827279998
17370.0 0.9617303009159999
17380.0 0.9619761191039999
17390.0 0.962221937292
17400.0 0.9624677554800001
17410.0 0.9624679522919999
17420.0 0.9624681491039999
17430.0 0.962468345916
17440.0 0.962468542728
17450.0 0.9624687395399998
17460.0 0.9617674983839999
17470.0 0.961066257228
17480.0 0.9603650160719999
17490.0 0.959663774916
17500.0 0.95896253376
17510.0 0.958925926728
17520.0 0.9588893196959999
17530.0 0.958852712664
17540.0 0.9588161056319999
17550.0 0.9587794985999999
17560.0 0.9581920147799998
17570.0 0.9576045309599999
17580.0 0.9570170471399998
17590.0 0.9564295633199998
17600.0 0.9558420794999998
17610.0 0.9557196624359999
17620.0 0.9555972453719999
17630.0 0.955474828308
17640.0 0.9553524112439999
17650.0 0.9552299941799999
17660.0 0.9557985840479999
17670.0 0.9563671739159999
17680.0 0.9569357637839999
17690.0 0.957504353652
17700.0 0.9580729435199999
17710.0 0.957801933396
17720.0 0.9575309232719998
17730.0 0.9572599131480001
17740.0 0.956988903024
17750.0 0.9567178929
17760.0 0.956849166504
17770.0 0.956980440108
17780.0 0.957111713712
17790.0 0.957242987316
17800.0 0.95737426092
17810.0 0.957555524772
17820.0 0.9577367886239999
17830.0 0.9579180524759999
17840.0 0.9580993163279999
17850.0 0.9582805801800001
17860.0 0.958591346328
17870.0 0.958902112476
17880.0 0.959212878624
17890.0 0.9595236447719999
17900.0 0.95983441092
17910.0 0.960410873268
17920.0 0.9609873356159999
17930.0 0.961563797964
17940.0 0.962140260312
17950.0 0.96271672266
17960.0 0.9627261696359999
17970.0 0.962735616612
17980.0 0.9627450635879999
17990.0 0.962754510564
18000.0 0.9627639575399999
18010.0 0.9627639575399999
18020.0 0.9627639575399999
18030.0 0.9627639575399999
18040.0 0.9627639575399999
18050.0 0.9627639575399999
18060.0 0.9627639575399999
18070.0 0.9627639575399999
18080.0 0.9627639575399999
18090.0 0.9627639575399999
18100.0 0.9627639575399999
18110.0 0.9627639575399999
18120.0 0.9627639575399999
18130.0 0.9627639575399999
18140.0 0.9627639575399999
18150.0 0.9627639575399999
18160.0 0.9627639575399999
18170.0 0.9627639575399999
18180.0 0.9627639575399999
18190.0 0.9627639575399999
18200.0 0.9627639575399999
18210.0 0.9627639575399999
18220.0 0.9627639575399999
18230.0 0.9627639575399999
18240.0 0.9627639575399999
18250.0 0.9627639575399999
18260.0 0.9627639575399999
18270.0 0.9627639575399999
18280.0 0.9627639575399999
18290.0 0.9627639575399999
18300.0 0.9627639575399999
18310.0 0.9627639575399999
18320.0 0.9627639575399999
18330.0 0.9627639575399999
18340.0 0.9627639575399999
18350.0 0.9627639575399999
18360.0 0.9627639575399999
18370.0 0.9627639575399999
18380.0 0.9627639575399999
18390.0 0.9627639575399999
18400.0 0.9627639575399999
18410.0 0.9627639575399999
18420.0 0.9627639575399999
18430.0 0.9627639575399999
18440.0 0.9627639575399999
18450.0 0.9627639575399999
18460.0 0.9627639575399999
18470.0 0.9627639575399999
18480.0 0.9627639575399999
18490.0 0.9627639575399999
