# col1 col2
 1150.00      0.762
 1152.00      0.705
 1154.00      0.731
 1156.00      0.834
 1158.00      0.714
 1160.00      0.830
 1162.00      0.811
 1164.00      0.878
 1166.00      0.648
 1168.00      0.746
 1170.00      0.665
 1172.00      0.709
 1174.00      0.711
 1176.00      0.678
 1178.00      0.681
 1180.00      0.681
 1182.00      0.679
 1184.00      0.770
 1186.00      0.659
 1188.00      0.587
 1190.00      0.470
 1192.00      0.617
 1194.00      0.735
 1196.00      0.778
 1198.00      0.764
 1200.00      0.625
 1202.00      0.551
 1204.00      0.599
 1206.00      0.440
 1208.00      0.434
 1210.00      0.494
 1212.00      1.234
 1214.00      2.564
 1216.00      4.086
 1218.00      4.225
 1220.00      2.843
 1222.00      1.728
 1224.00      1.105
 1226.00      0.922
 1228.00      0.867
 1230.00      0.886
 1232.00      0.909
 1234.00      1.142
 1236.00      0.886
 1238.00      0.890
 1240.00      0.959
 1242.00      0.985
 1244.00      1.096
 1246.00      1.223
 1248.00      1.107
 1250.00      1.124
 1252.00      1.140
 1254.00      1.111
 1256.00      0.937
 1258.00      0.880
 1260.00      0.840
 1262.00      1.063
 1264.00      1.132
 1266.00      1.189
 1268.00      1.136
 1270.00      1.217
 1272.00      1.120
 1274.00      1.111
 1276.00      1.177
 1278.00      1.092
 1280.00      1.113
 1282.00      0.999
 1284.00      1.134
 1286.00      1.187
 1288.00      1.187
 1290.00      1.095
 1292.00      1.194
 1294.00      1.114
 1296.00      1.025
 1298.00      1.105
 1300.00      0.897
 1302.00      0.725
 1304.00      0.906
 1306.00      1.043
 1308.00      1.129
 1310.00      1.197
 1312.00      1.171
 1314.00      1.104
 1316.00      1.184
 1318.00      1.099
 1320.00      1.165
 1322.00      1.035
 1324.00      1.039
 1326.00      1.102
 1328.00      1.055
 1330.00      1.026
 1332.00      0.927
 1334.00      0.818
 1336.00      1.010
 1338.00      1.042
 1340.00      0.998
 1342.00      0.990
 1344.00      1.051
 1346.00      1.079
 1348.00      1.119
 1350.00      1.139
 1352.00      1.100
 1354.00      1.135
 1356.00      1.106
 1358.00      1.008
 1360.00      1.092
 1362.00      1.015
 1364.00      1.015
 1366.00      1.101
 1368.00      0.998
 1370.00      0.996
 1372.00      1.071
 1374.00      1.098
 1376.00      1.083
 1378.00      1.023
 1380.00      1.036
 1382.00      1.032
 1384.00      1.007
 1386.00      1.020
 1388.00      0.915
 1390.00      0.852
 1392.00      0.846
 1394.00      0.860
 1396.00      0.852
 1398.00      0.900
 1400.00      0.914
 1402.00      0.881
 1404.00      0.910
 1406.00      1.091
 1408.00      1.063
 1410.00      1.023
 1412.00      0.973
 1414.00      1.066
 1416.00      0.964
 1418.00      1.015
 1420.00      1.022
 1422.00      0.982
 1424.00      1.051
 1426.00      1.040
 1428.00      1.013
 1430.00      0.999
 1432.00      1.011
 1434.00      1.036
 1436.00      0.991
 1438.00      1.031
 1440.00      1.017
 1442.00      0.996
 1444.00      1.053
 1446.00      1.045
 1448.00      0.974
 1450.00      1.007
 1452.00      1.000
 1454.00      0.999
 1456.00      1.004
 1458.00      0.997
 1460.00      1.006
 1462.00      0.977
 1464.00      0.997
 1466.00      1.000
 1468.00      1.000
 1470.00      0.983
 1472.00      1.003
 1474.00      1.009
 1476.00      0.945
 1478.00      0.996
 1480.00      0.979
 1482.00      0.995
 1484.00      0.996
 1486.00      1.038
 1488.00      1.037
 1490.00      1.000
 1492.00      0.982
 1494.00      1.021
 1496.00      0.985
 1498.00      0.924
 1500.00      0.851
 1502.00      0.891
 1504.00      0.975
 1506.00      1.018
 1508.00      0.930
 1510.00      0.936
 1512.00      0.995
 1514.00      0.965
 1516.00      0.940
 1518.00      0.951
 1520.00      0.916
 1522.00      0.924
 1524.00      0.806
 1526.00      0.734
 1528.00      0.748
 1530.00      0.835
 1532.00      0.889
 1534.00      0.888
 1536.00      0.853
 1538.00      0.829
 1540.00      0.839
 1542.00      0.875
 1544.00      0.843
 1546.00      0.729
 1548.00      0.683
 1550.00      0.779
 1552.00      0.906
 1554.00      0.950
 1556.00      1.013
 1558.00      0.918
 1560.00      0.909
 1562.00      0.828
 1564.00      0.916
 1566.00      0.916
 1568.00      0.835
 1570.00      0.846
 1572.00      0.855
 1574.00      0.873
 1576.00      0.841
 1578.00      0.848
 1580.00      0.855
 1582.00      0.872
 1584.00      0.863
 1586.00      0.887
 1588.00      0.915
 1590.00      0.873
 1592.00      0.900
 1594.00      0.859
 1596.00      0.972
 1598.00      0.843
 1600.00      0.944
 1602.00      0.965
 1604.00      0.872
 1606.00      0.838
 1608.00      0.837
 1610.00      0.825
 1612.00      0.829
 1614.00      0.881
 1616.00      0.947
 1618.00      0.886
 1620.00      0.925
 1622.00      0.891
 1624.00      0.835
 1626.00      0.855
 1628.00      0.915
 1630.00      0.847
 1632.00      0.842
 1634.00      0.852
 1636.00      0.926
 1638.00      0.973
 1640.00      0.938
 1642.00      0.966
 1644.00      0.928
 1646.00      0.939
 1648.00      0.861
 1650.00      0.903
 1652.00      0.854
 1654.00      0.861
 1656.00      0.875
 1658.00      0.853
 1660.00      0.860
 1662.00      0.869
 1664.00      0.877
 1666.00      0.919
 1668.00      0.843
 1670.00      0.743
 1672.00      0.826
 1674.00      0.855
 1676.00      0.885
 1678.00      0.866
 1680.00      0.886
 1682.00      0.865
 1684.00      0.817
 1686.00      0.878
 1688.00      0.825
 1690.00      0.803
 1692.00      0.841
 1694.00      0.887
 1696.00      0.858
 1698.00      0.858
 1700.00      0.875
 1702.00      0.844
 1704.00      0.804
 1706.00      0.890
 1708.00      0.840
 1710.00      0.839
 1712.00      0.816
 1714.00      0.805
 1716.00      0.744
 1718.00      0.744
 1720.00      0.796
 1722.00      0.823
 1724.00      0.784
 1726.00      0.817
 1728.00      0.783
 1730.00      0.774
 1732.00      0.792
 1734.00      0.777
 1736.00      0.815
 1738.00      0.782
 1740.00      0.784
 1742.00      0.792
 1744.00      0.810
 1746.00      0.808
 1748.00      0.817
 1750.00      0.743
 1752.00      0.840
 1754.00      0.752
 1756.00      0.828
 1758.00      0.807
 1760.00      0.776
 1762.00      0.762
 1764.00      0.769
 1766.00      0.809
 1768.00      0.808
 1770.00      0.835
 1772.00      0.792
 1774.00      0.759
 1776.00      0.772
 1778.00      0.780
 1780.00      0.819
 1782.00      0.744
 1784.00      0.771
 1786.00      0.798
 1788.00      0.815
 1790.00      0.783
 1792.00      0.787
 1794.00      0.748
 1796.00      0.740
 1798.00      0.835
 1800.00      0.818
 1802.00      0.778
 1804.00      0.763
 1806.00      0.799
 1808.00      0.797
 1810.00      0.756
 1812.00      0.695
 1814.00      0.773
 1816.00      0.780
 1818.00      0.764
 1820.00      0.820
 1822.00      0.766
 1824.00      0.754
 1826.00      0.729
 1828.00      0.815
 1830.00      0.804
 1832.00      0.746
 1834.00      0.738
 1836.00      0.771
 1838.00      0.752
 1840.00      0.761
 1842.00      0.769
 1844.00      0.733
 1846.00      0.780
 1848.00      0.669
 1850.00      0.740
 1852.00      0.696
 1854.00      0.735
 1856.00      0.671
 1858.00      0.697
 1860.00      0.698
 1862.00      0.663
 1864.00      0.713
 1866.00      0.749
 1868.00      0.727
 1870.00      0.772
 1872.00      0.742
 1874.00      0.735
 1876.00      0.710
 1878.00      0.699
 1880.00      0.724
 1882.00      0.817
 1884.00      0.789
 1886.00      0.771
 1888.00      0.729
 1890.00      0.736
 1892.00      0.735
 1894.00      0.748
 1896.00      0.729
 1898.00      0.672
 1900.00      0.709
 1902.00      0.740
 1904.00      0.771
 1906.00      0.844
 1908.00      0.846
 1910.00      0.870
 1912.00      0.787
 1914.00      0.757
 1916.00      0.695
 1918.00      0.672
 1920.00      0.685
 1922.00      0.696
 1924.00      0.702
 1926.00      0.683
 1928.00      0.744
 1930.00      0.688
 1932.00      0.701
 1934.00      0.735
 1936.00      0.694
 1938.00      0.670
 1940.00      0.681
 1942.00      0.707
 1944.00      0.694
 1946.00      0.700
 1948.00      0.679
 1950.00      0.692
 1952.00      0.652
 1954.00      0.658
 1956.00      0.651
 1958.00      0.625
 1960.00      0.705
 1962.00      0.662
 1964.00      0.647
 1966.00      0.691
 1968.00      0.719
 1970.00      0.666
 1972.00      0.701
 1974.00      0.629
 1976.00      0.656
 1978.00      0.654
 1980.00      0.734
 1982.00      0.639
 1984.00      0.609
 1986.00      0.594
 1988.00      0.669
 1990.00      0.654
 1992.00      0.725
 1994.00      0.601
 1996.00      0.585
 1998.00      0.618
 2000.00      0.658
 2002.00      0.676
 2004.00      0.626
 2006.00      0.611
 2008.00      0.610
 2010.00      0.559
 2012.00      0.554
 2014.00      0.577
 2016.00      0.653
 2018.00      0.592
 2020.00      0.670
 2022.00      0.612
 2024.00      0.610
 2026.00      0.591
 2028.00      0.626
 2030.00      0.622
 2032.00      0.643
 2034.00      0.633
 2036.00      0.621
 2038.00      0.614
 2040.00      0.574
 2042.00      0.576
 2044.00      0.573
 2046.00      0.606
 2048.00      0.595
 2050.00      0.636
 2052.00      0.599
 2054.00      0.641
 2056.00      0.582
 2058.00      0.549
 2060.00      0.544
 2062.00      0.546
 2064.00      0.549
 2066.00      0.523
 2068.00      0.548
 2070.00      0.607
 2072.00      0.558
 2074.00      0.567
 2076.00      0.593
 2078.00      0.581
 2080.00      0.602
 2082.00      0.540
 2084.00      0.579
 2086.00      0.582
 2088.00      0.560
 2090.00      0.600
 2092.00      0.601
 2094.00      0.533
 2096.00      0.579
 2098.00      0.577
 2100.00      0.521
 2102.00      0.553
 2104.00      0.569
 2106.00      0.516
 2108.00      0.499
 2110.00      0.557
 2112.00      0.617
 2114.00      0.563
 2116.00      0.540
 2118.00      0.542
 2120.00      0.533
 2122.00      0.497
 2124.00      0.524
 2126.00      0.570
 2128.00      0.617
 2130.00      0.551
 2132.00      0.527
 2134.00      0.513
 2136.00      0.518
 2138.00      0.541
 2140.00      0.533
 2142.00      0.581
 2144.00      0.570
 2146.00      0.557
 2148.00      0.477
 2150.00      0.482
 2152.00      0.569
 2154.00      0.532
 2156.00      0.549
 2158.00      0.545
 2160.00      0.551
 2162.00      0.564
 2164.00      0.564
 2166.00      0.572
 2168.00      0.554
 2170.00      0.535
 2172.00      0.510
 2174.00      0.518
 2176.00      0.525
 2178.00      0.557
 2180.00      0.579
 2182.00      0.496
 2184.00      0.538
 2186.00      0.516
 2188.00      0.508
 2190.00      0.489
 2192.00      0.508
 2194.00      0.544
 2196.00      0.540
 2198.00      0.564
 2200.00      0.551
 2202.00      0.573
 2204.00      0.537
 2206.00      0.548
 2208.00      0.515
 2210.00      0.554
 2212.00      0.531
 2214.00      0.528
 2216.00      0.480
 2218.00      0.526
 2220.00      0.526
 2222.00      0.533
 2224.00      0.565
 2226.00      0.540
 2228.00      0.498
 2230.00      0.511
 2232.00      0.563
 2234.00      0.573
 2236.00      0.513
 2238.00      0.483
 2240.00      0.488
 2242.00      0.493
 2244.00      0.497
 2246.00      0.523
 2248.00      0.498
 2250.00      0.574
 2252.00      0.534
 2254.00      0.500
 2256.00      0.491
 2258.00      0.480
 2260.00      0.519
 2262.00      0.539
 2264.00      0.543
 2266.00      0.503
 2268.00      0.535
 2270.00      0.545
 2272.00      0.497
 2274.00      0.492
 2276.00      0.485
 2278.00      0.450
 2280.00      0.495
 2282.00      0.551
 2284.00      0.535
 2286.00      0.566
 2288.00      0.540
 2290.00      0.504
 2292.00      0.503
 2294.00      0.532
 2296.00      0.490
 2298.00      0.503
 2300.00      0.438
 2302.00      0.485
 2304.00      0.461
 2306.00      0.495
 2308.00      0.474
 2310.00      0.571
 2312.00      0.520
 2314.00      0.358
 2316.00      0.456
 2318.00      0.531
 2320.00      0.545
 2322.00      0.544
 2324.00      0.521
 2326.00      0.529
 2328.00      0.588
 2330.00      0.543
 2332.00      0.526
 2334.00      0.536
 2336.00      0.490
 2338.00      0.451
 2340.00      0.480
 2342.00      0.398
 2344.00      0.377
 2346.00      0.384
 2348.00      0.386
 2350.00      0.417
 2352.00      0.467
 2354.00      0.482
 2356.00      0.425
 2358.00      0.442
 2360.00      0.442
 2362.00      0.449
 2364.00      0.466
 2366.00      0.450
 2368.00      0.426
 2370.00      0.425
 2372.00      0.400
 2374.00      0.374
 2376.00      0.397
 2378.00      0.400
 2380.00      0.435
 2382.00      0.409
 2384.00      0.353
 2386.00      0.378
 2388.00      0.398
 2390.00      0.442
 2392.00      0.425
 2394.00      0.458
 2396.00      0.451
 2398.00      0.497
 2400.00      0.444
 2402.00      0.450
 2404.00      0.489
 2406.00      0.464
 2408.00      0.504
 2410.00      0.450
 2412.00      0.415
 2414.00      0.443
 2416.00      0.426
 2418.00      0.438
 2420.00      0.433
 2422.00      0.418
 2424.00      0.458
 2426.00      0.447
 2428.00      0.437
 2430.00      0.451
 2432.00      0.472
 2434.00      0.474
 2436.00      0.432
 2438.00      0.455
 2440.00      0.517
 2442.00      0.476
 2444.00      0.417
 2446.00      0.451
 2448.00      0.399
 2450.00      0.432
 2452.00      0.426
 2454.00      0.420
 2456.00      0.487
 2458.00      0.542
 2460.00      0.415
 2462.00      0.372
 2464.00      0.412
 2466.00      0.489
 2468.00      0.460
 2470.00      0.438
 2472.00      0.474
 2474.00      0.450
 2476.00      0.451
 2478.00      0.442
 2480.00      0.389
 2482.00      0.367
 2484.00      0.395
 2486.00      0.453
 2488.00      0.406
 2490.00      0.406
 2492.00      0.445
 2494.00      0.479
 2496.00      0.471
 2498.00      0.487
 2500.00      0.456
