  3000.00 0.00000 0.00000 0.00000 0.00000 0.00000
  3010.00 0.00000 0.00000 0.00000 0.00000 0.00000
  3020.00 0.00000 0.00000 0.00000 0.00000 0.00000
  3030.00 0.00000 0.00000 0.00000 0.00000 0.00000
  3040.00 0.00000 0.00000 0.00000 0.00000 0.00000
  3050.00 0.00000 0.00000 0.00000 0.00000 0.00000
  3060.00 0.00000 0.00000 0.00000 0.00000 0.00000
  3070.00 0.00000 0.00000 0.00000 0.00000 0.00000
  3080.00 0.00000 0.00000 0.00000 0.00000 0.00000
  3090.00 0.00000 0.00000 0.00000 0.00000 0.00000
  3100.00 0.00000 0.00000 0.00000 0.00000 0.00000
  3110.00 0.00000 0.00000 0.00000 0.00000 0.00000
  3120.00 0.00000 0.00000 0.00000 0.00000 0.00000
  3130.00 0.00000 0.00000 0.00000 0.00000 0.00000
  3140.00 0.00000 0.00000 0.00000 0.00000 0.00000
  3150.00 0.00000 0.00000 0.00000 0.00000 0.00000
  3160.00 0.00000 0.00000 0.00000 0.00000 0.00000
  3170.00 0.00000 0.00000 0.00000 0.00000 0.00000
  3180.00 0.00002 0.00000 0.00000 0.00000 0.00002
  3190.00 0.00002 0.00000 0.00000 0.00000 0.00000
  3200.00 0.00004 0.00000 0.00000 0.00000 0.00000
  3210.00 0.00004 0.00000 0.00000 0.00000 0.00000
  3220.00 0.00007 0.00000 0.00000 0.00000 0.00000
  3230.00 0.00011 0.00000 0.00000 0.00000 0.00000
  3240.00 0.00016 0.00000 0.00000 0.00000 0.00000
  3250.00 0.00021 0.00000 0.00000 0.00000 0.00000
  3260.00 0.00028 0.00000 0.00000 0.00000 0.00000
  3270.00 0.00041 0.00000 0.00000 0.00000 0.00000
  3280.00 0.00059 0.00000 0.00000 0.00000 0.00000
  3290.00 0.00091 0.00000 0.00000 0.00000 0.00000
  3300.00 0.00155 0.00000 0.00003 0.00000 0.00000
  3310.00 0.00290 0.00000 0.00003 0.00000 0.00000
  3320.00 0.00582 0.00000 0.00000 0.00000 0.00000
  3330.00 0.01204 0.00000 0.00000 0.00000 0.00000
  3340.00 0.02460 0.00000 0.00003 0.00000 0.00000
  3350.00 0.04773 0.00000 0.00000 0.00000 0.00000
  3360.00 0.08309 0.00000 0.00003 0.00000 0.00000
  3370.00 0.12698 0.00000 0.00003 0.00000 0.00003
  3380.00 0.16978 0.00000 0.00003 0.00000 0.00003
  3390.00 0.20056 0.00000 0.00000 0.00000 0.00003
  3400.00 0.21495 0.00000 0.00006 0.00000 0.00003
  3410.00 0.21733 0.00000 0.00006 0.00000 0.00003
  3420.00 0.21443 0.00000 0.00003 0.00000 0.00003
  3430.00 0.21323 0.00000 0.00003 0.00026 0.00000
  3440.00 0.21349 0.00000 0.00003 0.00013 0.00003
  3450.00 0.21860 0.00000 0.00007 0.00000 0.00003
  3460.00 0.23655 0.00000 0.00003 0.00000 0.00000
  3470.00 0.25969 0.00000 0.00007 0.00000 0.00000
  3480.00 0.26959 0.00000 0.00004 0.00000 0.00000
  3490.00 0.26267 0.00000 0.00000 0.00000 0.00000
  3500.00 0.25459 0.00000 0.00000 0.00000 0.00000
  3510.00 0.26649 0.00000 0.00000 0.00000 0.00000
  3520.00 0.28303 0.00000 0.00000 0.00000 0.00000
  3530.00 0.29284 0.00000 0.00000 0.00000 0.00000
  3540.00 0.29849 0.00000 0.00000 0.00000 0.00000
  3550.00 0.30628 0.00000 0.00000 0.00000 0.00000
  3560.00 0.31268 0.00000 0.00000 0.00000 0.00000
  3570.00 0.31108 0.00000 0.00000 0.00000 0.00000
  3580.00 0.30078 0.00000 0.00000 0.00000 0.00000
  3590.00 0.28203 0.00000 0.00000 0.00000 0.00000
  3600.00 0.26805 0.00000 0.00000 0.00000 0.00000
  3610.00 0.27700 0.00000 0.00000 0.00000 0.00000
  3620.00 0.30118 0.00000 0.00000 0.00000 0.00000
  3630.00 0.31874 0.00000 0.00000 0.00000 0.00000
  3640.00 0.32671 0.00000 0.00000 0.00000 0.00000
  3650.00 0.33114 0.00000 0.00000 0.00000 0.00000
  3660.00 0.32838 0.00000 0.00000 0.00000 0.00000
  3670.00 0.31991 0.00000 0.00000 0.00000 0.00000
  3680.00 0.31380 0.00000 0.00000 0.00000 0.00000
  3690.00 0.30043 0.00000 0.00000 0.00000 0.00000
  3700.00 0.27173 0.00000 0.00000 0.00000 0.00000
  3710.00 0.25508 0.00000 0.00000 0.00000 0.00000
  3720.00 0.27050 0.00000 0.00000 0.00000 0.00000
  3730.00 0.29005 0.00000 0.00000 0.00000 0.00000
  3740.00 0.29183 0.00000 0.00000 0.00000 0.00000
  3750.00 0.29148 0.00000 0.00000 0.00000 0.00000
  3760.00 0.29130 0.00000 0.00000 0.00000 0.00000
  3770.00 0.28885 0.00000 0.00000 0.00000 0.00000
  3780.00 0.30745 0.00000 0.00000 0.00000 0.00000
  3790.00 0.34458 0.00000 0.00000 0.00000 0.00000
  3800.00 0.36322 0.00000 0.00000 0.00000 0.00000
  3810.00 0.36441 0.00000 0.00000 0.00000 0.00000
  3820.00 0.38045 0.00000 0.00000 0.00000 0.00000
  3830.00 0.40803 0.00005 0.00000 0.00000 0.00000
  3840.00 0.42736 0.00005 0.00000 0.00000 0.00000
  3850.00 0.43854 0.00005 0.00000 0.00000 0.00000
  3860.00 0.44212 0.00005 0.00000 0.00000 0.00000
  3870.00 0.43624 0.00006 0.00000 0.00000 0.00000
  3880.00 0.42511 0.00006 0.00000 0.00000 0.00000
  3890.00 0.40681 0.00011 0.00000 0.00000 0.00000
  3900.00 0.38715 0.00011 0.00000 0.00000 0.00000
  3910.00 0.38320 0.00017 0.00000 0.00000 0.00000
  3920.00 0.39505 0.00023 0.00000 0.00000 0.00000
  3930.00 0.40223 0.00023 0.00000 0.00000 0.00000
  3940.00 0.39978 0.00029 0.00000 0.00000 0.00000
  3950.00 0.40195 0.00035 0.00000 0.00000 0.00000
  3960.00 0.41405 0.00041 0.00000 0.00000 0.00000
  3970.00 0.42686 0.00058 0.00000 0.00000 0.00000
  3980.00 0.43393 0.00082 0.00000 0.00000 0.00000
  3990.00 0.43550 0.00124 0.00000 0.00000 0.00000
  4000.00 0.43481 0.00178 0.00000 0.00000 0.00000
  4010.00 0.43402 0.00251 0.00000 0.00000 0.00000
  4020.00 0.43177 0.00330 0.00000 0.00000 0.00000
  4030.00 0.42439 0.00421 0.00000 0.00000 0.00000
  4040.00 0.41851 0.00550 0.00000 0.00000 0.00000
  4050.00 0.42269 0.00794 0.00000 0.00000 0.00000
  4060.00 0.43317 0.01284 0.00000 0.00000 0.00000
  4070.00 0.43345 0.02187 0.00000 0.00000 0.00000
  4080.00 0.41760 0.03650 0.00000 0.00000 0.00000
  4090.00 0.39207 0.05671 0.00000 0.00000 0.00000
  4100.00 0.35991 0.08080 0.00000 0.00000 0.00000
  4110.00 0.31574 0.10846 0.00000 0.00000 0.00000
  4120.00 0.26089 0.14508 0.00000 0.00000 0.00000
  4130.00 0.20527 0.19769 0.00000 0.00000 0.00000
  4140.00 0.15626 0.26968 0.00000 0.00000 0.00000
  4150.00 0.11651 0.36043 0.00000 0.00000 0.00000
  4160.00 0.08581 0.45444 0.00000 0.00000 0.00000
  4170.00 0.06327 0.52417 0.00000 0.00000 0.00000
  4180.00 0.04691 0.55677 0.00000 0.00000 0.00000
  4190.00 0.03495 0.56453 0.00000 0.00000 0.00000
  4200.00 0.02622 0.56403 0.00000 0.00000 0.00000
  4210.00 0.01981 0.56119 0.00000 0.00000 0.00000
  4220.00 0.01513 0.55158 0.00000 0.00000 0.00000
  4230.00 0.01157 0.53395 0.00000 0.00000 0.00000
  4240.00 0.00888 0.51514 0.00000 0.00000 0.00000
  4250.00 0.00686 0.50569 0.00000 0.00000 0.00000
  4260.00 0.00535 0.51156 0.00000 0.00000 0.00000
  4270.00 0.00422 0.53169 0.00000 0.00000 0.00000
  4280.00 0.00340 0.55833 0.00000 0.00000 0.00000
  4290.00 0.00276 0.58061 0.00000 0.00000 0.00000
  4300.00 0.00238 0.59179 0.00000 0.00000 0.00000
  4310.00 0.00200 0.59077 0.00000 0.00000 0.00000
  4320.00 0.00174 0.58295 0.00000 0.00000 0.00000
  4330.00 0.00155 0.57447 0.00000 0.00000 0.00000
  4340.00 0.00143 0.56971 0.00000 0.00000 0.00000
  4350.00 0.00130 0.57000 0.00000 0.00000 0.00000
  4360.00 0.00117 0.57315 0.00000 0.00000 0.00000
  4370.00 0.00098 0.57655 0.00000 0.00000 0.00000
  4380.00 0.00085 0.57815 0.00000 0.00000 0.00000
  4390.00 0.00072 0.57818 0.00000 0.00000 0.00000
  4400.00 0.00065 0.57833 0.00000 0.00000 0.00000
  4410.00 0.00052 0.57999 0.00000 0.00000 0.00000
  4420.00 0.00046 0.58309 0.00000 0.00000 0.00000
  4430.00 0.00046 0.58738 0.00000 0.00000 0.00000
  4440.00 0.00039 0.59193 0.00000 0.00000 0.00000
  4450.00 0.00033 0.59644 0.00000 0.00000 0.00000
  4460.00 0.00033 0.60042 0.00000 0.00000 0.00000
  4470.00 0.00026 0.60296 0.00000 0.00000 0.00000
  4480.00 0.00026 0.60286 0.00000 0.00000 0.00000
  4490.00 0.00020 0.59946 0.00000 0.00000 0.00000
  4500.00 0.00013 0.59371 0.00000 0.00000 0.00000
  4510.00 0.00013 0.58763 0.00000 0.00000 0.00000
  4520.00 0.00007 0.58425 0.00000 0.00000 0.00000
  4530.00 0.00007 0.58511 0.00000 0.00000 0.00000
  4540.00 0.00007 0.59062 0.00000 0.00000 0.00000
  4550.00 0.00000 0.59860 0.00000 0.00000 0.00000
  4560.00 0.00000 0.60625 0.00000 0.00000 0.00000
  4570.00 0.00000 0.61105 0.00000 0.00000 0.00000
  4580.00 0.00000 0.61299 0.00000 0.00000 0.00000
  4590.00 0.00000 0.61300 0.00000 0.00000 0.00000
  4600.00 0.00000 0.61228 0.00000 0.00000 0.00000
  4610.00 0.00000 0.61128 0.00000 0.00000 0.00000
  4620.00 0.00000 0.61015 0.00000 0.00000 0.00000
  4630.00 0.00000 0.60868 0.00000 0.00000 0.00000
  4640.00 0.00000 0.60688 0.00000 0.00000 0.00000
  4650.00 0.00000 0.60453 0.00000 0.00000 0.00000
  4660.00 0.00000 0.60152 0.00000 0.00000 0.00000
  4670.00 0.00000 0.59769 0.00000 0.00000 0.00000
  4680.00 0.00000 0.59399 0.00000 0.00000 0.00000
  4690.00 0.00000 0.59129 0.00000 0.00000 0.00000
  4700.00 0.00000 0.58993 0.00000 0.00000 0.00000
  4710.00 0.00000 0.58880 0.00000 0.00000 0.00000
  4720.00 0.00000 0.58795 0.00000 0.00000 0.00000
  4730.00 0.00000 0.58735 0.00000 0.00000 0.00000
  4740.00 0.00000 0.58817 0.00000 0.00000 0.00000
  4750.00 0.00000 0.59166 0.00000 0.00000 0.00000
  4760.00 0.00000 0.59788 0.00000 0.00000 0.00000
  4770.00 0.00000 0.60531 0.00000 0.00000 0.00000
  4780.00 0.00000 0.61125 0.00000 0.00000 0.00000
  4790.00 0.00000 0.61418 0.00000 0.00000 0.00000
  4800.00 0.00000 0.61449 0.00000 0.00000 0.00000
  4810.00 0.00000 0.61515 0.00000 0.00000 0.00000
  4820.00 0.00000 0.61669 0.00000 0.00000 0.00000
  4830.00 0.00000 0.61949 0.00000 0.00000 0.00000
  4840.00 0.00000 0.62189 0.00000 0.00000 0.00000
  4850.00 0.00000 0.62229 0.00000 0.00000 0.00000
  4860.00 0.00000 0.62027 0.00000 0.00000 0.00000
  4870.00 0.00000 0.61624 0.00000 0.00000 0.00000
  4880.00 0.00000 0.61127 0.00000 0.00000 0.00000
  4890.00 0.00000 0.60649 0.00000 0.00000 0.00000
  4900.00 0.00000 0.60305 0.00000 0.00000 0.00000
  4910.00 0.00000 0.60181 0.00000 0.00000 0.00000
  4920.00 0.00000 0.60301 0.00000 0.00000 0.00000
  4930.00 0.00007 0.60655 0.00000 0.00000 0.00000
  4940.00 0.00007 0.61037 0.00000 0.00000 0.00000
  4950.00 0.00007 0.61150 0.00000 0.00000 0.00000
  4960.00 0.00013 0.60711 0.00000 0.00000 0.00000
  4970.00 0.00020 0.59670 0.00000 0.00000 0.00000
  4980.00 0.00027 0.58243 0.00000 0.00000 0.00000
  4990.00 0.00040 0.56781 0.00000 0.00000 0.00000
  5000.00 0.00061 0.55648 0.00000 0.00000 0.00000
  5010.00 0.00094 0.54966 0.00000 0.00000 0.00000
  5020.00 0.00128 0.54871 0.00007 0.00000 0.00000
  5030.00 0.00168 0.55188 0.00007 0.00000 0.00000
  5040.00 0.00215 0.55713 0.00007 0.00000 0.00000
  5050.00 0.00255 0.56249 0.00007 0.00000 0.00000
  5060.00 0.00289 0.56698 0.00007 0.00000 0.00000
  5070.00 0.00309 0.56991 0.00007 0.00000 0.00000
  5080.00 0.00322 0.57062 0.00007 0.00000 0.00000
  5090.00 0.00321 0.56879 0.00007 0.00000 0.00000
  5100.00 0.00301 0.56468 0.00007 0.00000 0.00000
  5110.00 0.00254 0.56000 0.00007 0.00000 0.00000
  5120.00 0.00181 0.55525 0.00007 0.00000 0.00000
  5130.00 0.00114 0.55170 0.00013 0.00000 0.00000
  5140.00 0.00060 0.54969 0.00013 0.00000 0.00000
  5150.00 0.00033 0.54855 0.00013 0.00000 0.00000
  5160.00 0.00020 0.54674 0.00013 0.00000 0.00000
  5170.00 0.00013 0.54393 0.00020 0.00000 0.00000
  5180.00 0.00007 0.54165 0.00020 0.00000 0.00000
  5190.00 0.00007 0.54186 0.00020 0.00000 0.00000
  5200.00 0.00000 0.54614 0.00027 0.00000 0.00000
  5210.00 0.00000 0.55376 0.00027 0.00000 0.00000
  5220.00 0.00000 0.56357 0.00033 0.00000 0.00000
  5230.00 0.00000 0.57303 0.00040 0.00000 0.00000
  5240.00 0.00000 0.57872 0.00047 0.00000 0.00000
  5250.00 0.00000 0.57822 0.00053 0.00000 0.00000
  5260.00 0.00000 0.57286 0.00060 0.00000 0.00000
  5270.00 0.00000 0.56525 0.00066 0.00000 0.00000
  5280.00 0.00000 0.55846 0.00080 0.00000 0.00000
  5290.00 0.00000 0.55379 0.00093 0.00000 0.00000
  5300.00 0.00000 0.55054 0.00106 0.00000 0.00000
  5310.00 0.00000 0.54789 0.00126 0.00000 0.00000
  5320.00 0.00000 0.54418 0.00146 0.00000 0.00000
  5330.00 0.00000 0.53987 0.00172 0.00000 0.00000
  5340.00 0.00000 0.53716 0.00205 0.00000 0.00000
  5350.00 0.00000 0.53776 0.00245 0.00000 0.00000
  5360.00 0.00000 0.54286 0.00292 0.00000 0.00000
  5370.00 0.00000 0.55174 0.00344 0.00000 0.00000
  5380.00 0.00000 0.56195 0.00417 0.00000 0.00000
  5390.00 0.00000 0.56944 0.00504 0.00000 0.00000
  5400.00 0.00000 0.57011 0.00603 0.00000 0.00000
  5410.00 0.00000 0.56308 0.00736 0.00000 0.00000
  5420.00 0.00000 0.55095 0.00888 0.00000 0.00000
  5430.00 0.00000 0.53789 0.01081 0.00000 0.00000
  5440.00 0.00000 0.52655 0.01313 0.00000 0.00000
  5450.00 0.00000 0.51659 0.01598 0.00000 0.00000
  5460.00 0.00000 0.50545 0.01957 0.00000 0.00000
  5470.00 0.00000 0.49078 0.02395 0.00000 0.00000
  5480.00 0.00000 0.47286 0.02932 0.00000 0.00000
  5490.00 0.00000 0.45387 0.03596 0.00000 0.00000
  5500.00 0.00000 0.43687 0.04393 0.00000 0.00000
  5510.00 0.00000 0.42458 0.05343 0.00000 0.00000
  5520.00 0.00000 0.41960 0.06469 0.00000 0.00000
  5530.00 0.00000 0.42025 0.07798 0.00000 0.00000
  5540.00 0.00000 0.42057 0.09328 0.00000 0.00000
  5550.00 0.00000 0.41389 0.11047 0.00000 0.00000
  5560.00 0.00000 0.39774 0.13005 0.00000 0.00000
  5570.00 0.00000 0.37490 0.15170 0.00000 0.00000
  5580.00 0.00000 0.35126 0.17487 0.00000 0.00000
  5590.00 0.00000 0.33056 0.19865 0.00000 0.00000
  5600.00 0.00000 0.30997 0.22323 0.00000 0.00000
  5610.00 0.00000 0.28395 0.24845 0.00000 0.00000
  5620.00 0.00000 0.24861 0.27388 0.00000 0.00000
  5630.00 0.00000 0.20709 0.29931 0.00000 0.00000
  5640.00 0.00000 0.16569 0.32481 0.00000 0.00000
  5650.00 0.00000 0.12999 0.35012 0.00000 0.00000
  5660.00 0.00000 0.10223 0.37477 0.00000 0.00000
  5670.00 0.00000 0.08169 0.39826 0.00000 0.00000
  5680.00 0.00000 0.06560 0.42075 0.00000 0.00000
  5690.00 0.00000 0.05169 0.44214 0.00000 0.00000
  5700.00 0.00007 0.04046 0.46012 0.00000 0.00000
  5710.00 0.00007 0.03070 0.47559 0.00000 0.00000
  5720.00 0.00007 0.02287 0.48809 0.00000 0.00000
  5730.00 0.00013 0.01708 0.49754 0.00000 0.00000
  5740.00 0.00013 0.01295 0.50370 0.00000 0.00000
  5750.00 0.00020 0.00999 0.50644 0.00000 0.00000
  5760.00 0.00013 0.00789 0.50605 0.00000 0.00000
  5770.00 0.00007 0.00625 0.50285 0.00000 0.00000
  5780.00 0.00000 0.00482 0.49745 0.00000 0.00000
  5790.00 0.00000 0.00364 0.49049 0.00000 0.00000
  5800.00 0.00000 0.00266 0.48336 0.00000 0.00000
  5810.00 0.00000 0.00195 0.47724 0.00000 0.00000
  5820.00 0.00000 0.00143 0.47228 0.00000 0.00000
  5830.00 0.00000 0.00110 0.46908 0.00000 0.00000
  5840.00 0.00000 0.00091 0.46782 0.00000 0.00000
  5850.00 0.00000 0.00078 0.46851 0.00000 0.00000
  5860.00 0.00000 0.00065 0.47095 0.00000 0.00000
  5870.00 0.00000 0.00065 0.47470 0.00000 0.00000
  5880.00 0.00000 0.00058 0.47902 0.00000 0.00000
  5890.00 0.00000 0.00058 0.48348 0.00000 0.00000
  5900.00 0.00000 0.00058 0.48749 0.00000 0.00000
  5910.00 0.00000 0.00058 0.49078 0.00000 0.00000
  5920.00 0.00000 0.00058 0.49328 0.00000 0.00000
  5930.00 0.00000 0.00058 0.49501 0.00000 0.00000
  5940.00 0.00000 0.00052 0.49648 0.00000 0.00000
  5950.00 0.00000 0.00052 0.49801 0.00000 0.00000
  5960.00 0.00000 0.00052 0.50001 0.00000 0.00000
  5970.00 0.00000 0.00046 0.50277 0.00000 0.00000
  5980.00 0.00000 0.00046 0.50665 0.00000 0.00000
  5990.00 0.00000 0.00039 0.51156 0.00000 0.00000
  6000.00 0.00000 0.00033 0.51739 0.00000 0.00000
  6010.00 0.00000 0.00026 0.52363 0.00000 0.00000
  6020.00 0.00000 0.00020 0.53043 0.00000 0.00000
  6030.00 0.00000 0.00013 0.53740 0.00000 0.00000
  6040.00 0.00000 0.00007 0.54455 0.00000 0.00000
  6050.00 0.00000 0.00007 0.55161 0.00000 0.00000
  6060.00 0.00000 0.00006 0.55846 0.00000 0.00000
  6070.00 0.00000 0.00006 0.56489 0.00000 0.00000
  6080.00 0.00006 0.00006 0.57054 0.00000 0.00000
  6090.00 0.00006 0.00000 0.57539 0.00000 0.00000
  6100.00 0.00006 0.00000 0.57921 0.00000 0.00000
  6110.00 0.00006 0.00000 0.58280 0.00000 0.00000
  6120.00 0.00006 0.00000 0.58542 0.00000 0.00000
  6130.00 0.00000 0.00000 0.58728 0.00000 0.00000
  6140.00 0.00000 0.00000 0.58849 0.00000 0.00000
  6150.00 0.00000 0.00000 0.58938 0.00000 0.00000
  6160.00 0.00000 0.00000 0.59021 0.00000 0.00000
  6170.00 0.00000 0.00000 0.59122 0.00000 0.00000
  6180.00 0.00000 0.00000 0.59268 0.00000 0.00000
  6190.00 0.00000 0.00000 0.59454 0.00000 0.00000
  6200.00 0.00000 0.00000 0.59670 0.00000 0.00000
  6210.00 0.00000 0.00006 0.59925 0.00000 0.00000
  6220.00 0.00000 0.00006 0.60174 0.00000 0.00000
  6230.00 0.00000 0.00006 0.60410 0.00000 0.00000
  6240.00 0.00000 0.00006 0.60606 0.00000 0.00000
  6250.00 0.00000 0.00006 0.60752 0.00000 0.00000
  6260.00 0.00000 0.00006 0.60847 0.00000 0.00000
  6270.00 0.00000 0.00013 0.60903 0.00000 0.00000
  6280.00 0.00000 0.00013 0.60914 0.00000 0.00000
  6290.00 0.00000 0.00013 0.60905 0.00000 0.00000
  6300.00 0.00000 0.00006 0.60897 0.00006 0.00000
  6310.00 0.00000 0.00006 0.60792 0.00006 0.00000
  6320.00 0.00000 0.00006 0.60673 0.00006 0.00000
  6330.00 0.00000 0.00000 0.60516 0.00006 0.00000
  6340.00 0.00000 0.00000 0.60329 0.00006 0.00000
  6350.00 0.00000 0.00000 0.60096 0.00006 0.00000
  6360.00 0.00006 0.00000 0.59801 0.00006 0.00000
  6370.00 0.00000 0.00000 0.59468 0.00013 0.00000
  6380.00 0.00000 0.00000 0.59085 0.00013 0.00000
  6390.00 0.00000 0.00000 0.58684 0.00013 0.00000
  6400.00 0.00000 0.00000 0.58296 0.00013 0.00000
  6410.00 0.00000 0.00000 0.58004 0.00013 0.00000
  6420.00 0.00000 0.00000 0.57731 0.00019 0.00000
  6430.00 0.00000 0.00000 0.57508 0.00019 0.00000
  6440.00 0.00000 0.00000 0.57323 0.00025 0.00000
  6450.00 0.00000 0.00000 0.57150 0.00025 0.00000
  6460.00 0.00000 0.00000 0.56971 0.00025 0.00000
  6470.00 0.00000 0.00000 0.56761 0.00032 0.00000
  6480.00 0.00000 0.00000 0.56494 0.00038 0.00000
  6490.00 0.00000 0.00000 0.56163 0.00038 0.00000
  6500.00 0.00000 0.00000 0.55751 0.00044 0.00000
  6510.00 0.00000 0.00000 0.55208 0.00050 0.00000
  6520.00 0.00000 0.00000 0.54617 0.00056 0.00000
  6530.00 0.00000 0.00000 0.53995 0.00063 0.00000
  6540.00 0.00000 0.00000 0.53349 0.00069 0.00000
  6550.00 0.00000 0.00000 0.52686 0.00081 0.00000
  6560.00 0.00000 0.00000 0.52025 0.00088 0.00000
  6570.00 0.00000 0.00000 0.51371 0.00100 0.00000
  6580.00 0.00000 0.00006 0.50694 0.00112 0.00000
  6590.00 0.00000 0.00006 0.49994 0.00125 0.00000
  6600.00 0.00000 0.00006 0.49288 0.00143 0.00000
  6610.00 0.00000 0.00006 0.48624 0.00162 0.00000
  6620.00 0.00000 0.00000 0.47953 0.00186 0.00000
  6630.00 0.00000 0.00000 0.47314 0.00211 0.00000
  6640.00 0.00000 0.00000 0.46723 0.00236 0.00000
  6650.00 0.00000 0.00000 0.46202 0.00267 0.00000
  6660.00 0.00000 0.00000 0.45773 0.00311 0.00000
  6670.00 0.00000 0.00000 0.45469 0.00354 0.00000
  6680.00 0.00000 0.00000 0.45277 0.00404 0.00000
  6690.00 0.00000 0.00000 0.45172 0.00460 0.00000
  6700.00 0.00000 0.00000 0.45160 0.00528 0.00000
  6710.00 0.00000 0.00000 0.45143 0.00609 0.00000
  6720.00 0.00000 0.00000 0.45190 0.00701 0.00000
  6730.00 0.00000 0.00000 0.45322 0.00811 0.00000
  6740.00 0.00000 0.00000 0.45572 0.00940 0.00000
  6750.00 0.00000 0.00000 0.45969 0.01093 0.00000
  6760.00 0.00000 0.00000 0.46519 0.01271 0.00000
  6770.00 0.00000 0.00000 0.47098 0.01478 0.00000
  6780.00 0.00000 0.00000 0.47484 0.01729 0.00000
  6790.00 0.00000 0.00000 0.47348 0.02021 0.00000
  6800.00 0.00000 0.00000 0.46402 0.02374 0.00000
  6810.00 0.00000 0.00000 0.44557 0.02782 0.00000
  6820.00 0.00000 0.00000 0.41897 0.03268 0.00000
  6830.00 0.00000 0.00000 0.38602 0.03844 0.00000
  6840.00 0.00000 0.00000 0.34883 0.04522 0.00000
  6850.00 0.00000 0.00000 0.30942 0.05320 0.00000
  6860.00 0.00000 0.00000 0.26689 0.06263 0.00000
  6870.00 0.00000 0.00000 0.22051 0.07385 0.00000
  6880.00 0.00000 0.00000 0.17269 0.08680 0.00000
  6890.00 0.00000 0.00000 0.12893 0.10135 0.00000
  6900.00 0.00000 0.00000 0.09274 0.11792 0.00000
  6910.00 0.00000 0.00000 0.06583 0.13657 0.00000
  6920.00 0.00000 0.00000 0.04709 0.15703 0.00000
  6930.00 0.00000 0.00000 0.03418 0.17936 0.00000
  6940.00 0.00000 0.00000 0.02517 0.20369 0.00000
  6950.00 0.00000 0.00000 0.01888 0.22939 0.00000
  6960.00 0.00000 0.00000 0.01447 0.25573 0.00000
  6970.00 0.00000 0.00000 0.01127 0.28261 0.00000
  6980.00 0.00000 0.00000 0.00880 0.31037 0.00000
  6990.00 0.00000 0.00000 0.00694 0.33793 0.00000
  7000.00 0.00000 0.00000 0.00555 0.36488 0.00000
  7010.00 0.00000 0.00000 0.00441 0.39078 0.00000
  7020.00 0.00000 0.00000 0.00357 0.41578 0.00000
  7030.00 0.00000 0.00000 0.00292 0.43934 0.00000
  7040.00 0.00000 0.00000 0.00238 0.46106 0.00000
  7050.00 0.00000 0.00000 0.00196 0.48035 0.00000
  7060.00 0.00000 0.00000 0.00160 0.49757 0.00000
  7070.00 0.00000 0.00000 0.00136 0.51262 0.00000
  7080.00 0.00000 0.00000 0.00112 0.52526 0.00000
  7090.00 0.00000 0.00000 0.00094 0.53556 0.00000
  7100.00 0.00000 0.00000 0.00082 0.54353 0.00000
  7110.00 0.00000 0.00000 0.00071 0.54942 0.00000
  7120.00 0.00000 0.00000 0.00059 0.55365 0.00000
  7130.00 0.00000 0.00000 0.00053 0.55633 0.00000
  7140.00 0.00000 0.00000 0.00047 0.55795 0.00000
  7150.00 0.00000 0.00000 0.00041 0.55857 0.00000
  7160.00 0.00000 0.00000 0.00035 0.55853 0.00000
  7170.00 0.00000 0.00000 0.00029 0.55797 0.00000
  7180.00 0.00006 0.00000 0.00029 0.55700 0.00000
  7190.00 0.00006 0.00000 0.00023 0.55591 0.00000
  7200.00 0.00000 0.00000 0.00023 0.55470 0.00000
  7210.00 0.00000 0.00000 0.00023 0.55355 0.00000
  7220.00 0.00006 0.00000 0.00017 0.55222 0.00000
  7230.00 0.00012 0.00000 0.00017 0.55107 0.00000
  7240.00 0.00017 0.00000 0.00017 0.55003 0.00000
  7250.00 0.00012 0.00000 0.00012 0.54905 0.00000
  7260.00 0.00000 0.00000 0.00012 0.54824 0.00000
  7270.00 0.00000 0.00000 0.00012 0.54749 0.00000
  7280.00 0.00000 0.00000 0.00012 0.54690 0.00000
  7290.00 0.00000 0.00000 0.00012 0.54626 0.00006
  7300.00 0.00000 0.00000 0.00012 0.54584 0.00006
  7310.00 0.00000 0.00000 0.00006 0.54536 0.00006
  7320.00 0.00000 0.00000 0.00006 0.54499 0.00006
  7330.00 0.00000 0.00000 0.00006 0.54456 0.00006
  7340.00 0.00000 0.00000 0.00006 0.54413 0.00006
  7350.00 0.00000 0.00000 0.00006 0.54357 0.00006
  7360.00 0.00000 0.00000 0.00006 0.54307 0.00006
  7370.00 0.00000 0.00000 0.00006 0.54235 0.00006
  7380.00 0.00006 0.00000 0.00006 0.54167 0.00006
  7390.00 0.00006 0.00000 0.00006 0.54093 0.00006
  7400.00 0.00006 0.00000 0.00006 0.53991 0.00006
  7410.00 0.00006 0.00000 0.00006 0.53815 0.00006
  7420.00 0.00011 0.00000 0.00006 0.53617 0.00006
  7430.00 0.00006 0.00000 0.00006 0.53414 0.00006
  7440.00 0.00000 0.00000 0.00006 0.53210 0.00006
  7450.00 0.00000 0.00000 0.00006 0.52977 0.00006
  7460.00 0.00000 0.00000 0.00006 0.52751 0.00006
  7470.00 0.00000 0.00000 0.00006 0.52519 0.00006
  7480.00 0.00000 0.00000 0.00006 0.52271 0.00006
  7490.00 0.00000 0.00000 0.00006 0.52028 0.00006
  7500.00 0.00000 0.00000 0.00006 0.51785 0.00006
  7510.00 0.00000 0.00000 0.00006 0.51543 0.00006
  7520.00 0.00000 0.00006 0.00006 0.51311 0.00006
  7530.00 0.00000 0.00005 0.00000 0.51074 0.00005
  7540.00 0.00000 0.00005 0.00000 0.50848 0.00005
  7550.00 0.00000 0.00005 0.00000 0.50644 0.00005
  7560.00 0.00005 0.00005 0.00000 0.50434 0.00005
  7570.00 0.00005 0.00005 0.00000 0.50246 0.00005
  7580.00 0.00005 0.00005 0.00000 0.50074 0.00011
  7590.00 0.00005 0.00005 0.00000 0.49912 0.00011
  7600.00 0.00005 0.00005 0.00000 0.49777 0.00011
  7610.00 0.00005 0.00005 0.00000 0.49652 0.00011
  7620.00 0.00011 0.00005 0.00000 0.49537 0.00011
  7630.00 0.00010 0.00010 0.00000 0.49438 0.00010
  7640.00 0.00000 0.00010 0.00000 0.49364 0.00010
  7650.00 0.00000 0.00010 0.00000 0.49290 0.00010
  7660.00 0.00000 0.00005 0.00000 0.49235 0.00016
  7670.00 0.00000 0.00005 0.00000 0.49196 0.00016
  7680.00 0.00000 0.00005 0.00000 0.49150 0.00016
  7690.00 0.00000 0.00005 0.00000 0.49114 0.00016
  7700.00 0.00000 0.00005 0.00000 0.49083 0.00015
  7710.00 0.00000 0.00005 0.00000 0.49050 0.00021
  7720.00 0.00000 0.00005 0.00000 0.49022 0.00020
  7730.00 0.00000 0.00000 0.00000 0.48978 0.00020
  7740.00 0.00000 0.00000 0.00000 0.48923 0.00025
  7750.00 0.00000 0.00000 0.00000 0.48851 0.00025
  7760.00 0.00000 0.00000 0.00000 0.48785 0.00030
  7770.00 0.00005 0.00000 0.00000 0.48662 0.00030
  7780.00 0.00010 0.00000 0.00000 0.48544 0.00035
  7790.00 0.00010 0.00000 0.00000 0.48402 0.00040
  7800.00 0.00005 0.00000 0.00000 0.48250 0.00045
  7810.00 0.00010 0.00000 0.00000 0.47974 0.00045
  7820.00 0.00025 0.00000 0.00000 0.47688 0.00049
  7830.00 0.00034 0.00000 0.00000 0.47389 0.00059
  7840.00 0.00020 0.00000 0.00000 0.47066 0.00063
  7850.00 0.00000 0.00000 0.00000 0.46711 0.00068
  7860.00 0.00000 0.00000 0.00000 0.46362 0.00077
  7870.00 0.00000 0.00000 0.00000 0.45995 0.00086
  7880.00 0.00000 0.00000 0.00000 0.45625 0.00095
  7890.00 0.00000 0.00000 0.00000 0.45257 0.00109
  7900.00 0.00000 0.00000 0.00000 0.44876 0.00123
  7910.00 0.00000 0.00000 0.00000 0.44512 0.00136
  7920.00 0.00000 0.00000 0.00000 0.44149 0.00154
  7930.00 0.00000 0.00000 0.00000 0.43797 0.00177
  7940.00 0.00000 0.00000 0.00000 0.43457 0.00199
  7950.00 0.00000 0.00000 0.00000 0.43136 0.00225
  7960.00 0.00000 0.00000 0.00000 0.42830 0.00256
  7970.00 0.00000 0.00000 0.00000 0.42544 0.00295
  7980.00 0.00000 0.00000 0.00000 0.42286 0.00339
  7990.00 0.00000 0.00000 0.00000 0.42042 0.00391
  8000.00 0.00005 0.00018 0.00022 0.41862 0.00545
  8010.00 0.00009 0.00018 0.00027 0.41700 0.00628
  8020.00 0.00009 0.00018 0.00027 0.41548 0.00723
  8030.00 0.00004 0.00018 0.00027 0.41396 0.00844
  8040.00 0.00009 0.00018 0.00026 0.41246 0.00987
  8050.00 0.00009 0.00018 0.00026 0.41091 0.01145
  8060.00 0.00009 0.00017 0.00026 0.40932 0.01355
  8070.00 0.00009 0.00017 0.00026 0.40752 0.01598
  8080.00 0.00004 0.00017 0.00026 0.40551 0.01878
  8090.00 0.00004 0.00017 0.00026 0.40321 0.02248
  8100.00 0.00004 0.00017 0.00026 0.40053 0.02691
  8110.00 0.00004 0.00021 0.00021 0.39681 0.03181
  8120.00 0.00004 0.00021 0.00025 0.39269 0.03793
  8130.00 0.00004 0.00021 0.00025 0.38800 0.04546
  8140.00 0.00004 0.00021 0.00025 0.38304 0.05370
  8150.00 0.00004 0.00021 0.00021 0.37771 0.06344
  8160.00 0.00004 0.00021 0.00025 0.37162 0.07556
  8170.00 0.00004 0.00021 0.00025 0.36551 0.08819
  8180.00 0.00004 0.00025 0.00025 0.35911 0.10240
  8190.00 0.00004 0.00025 0.00025 0.35219 0.11918
  8200.00 0.00008 0.00024 0.00024 0.34538 0.13621
  8210.00 0.00008 0.00024 0.00024 0.33871 0.15359
  8220.00 0.00008 0.00024 0.00024 0.33161 0.17350
  8230.00 0.00008 0.00024 0.00024 0.32502 0.19228
  8240.00 0.00008 0.00028 0.00024 0.31875 0.21050
  8250.00 0.00008 0.00028 0.00024 0.31259 0.22921
  8260.00 0.00012 0.00027 0.00023 0.30683 0.24667
  8270.00 0.00012 0.00027 0.00023 0.30171 0.26187
  8280.00 0.00012 0.00027 0.00023 0.29690 0.27656
  8290.00 0.00012 0.00027 0.00023 0.29248 0.28951
  8300.00 0.00012 0.00027 0.00023 0.28866 0.29961
  8310.00 0.00011 0.00027 0.00019 0.28450 0.30788
  8320.00 0.00011 0.00026 0.00023 0.28047 0.31432
  8330.00 0.00011 0.00026 0.00022 0.27655 0.31840
  8340.00 0.00011 0.00026 0.00022 0.27237 0.32127
  8350.00 0.00011 0.00029 0.00022 0.26741 0.32301
  8360.00 0.00011 0.00029 0.00022 0.26176 0.32322
  8370.00 0.00011 0.00029 0.00022 0.25495 0.32259
  8380.00 0.00011 0.00029 0.00021 0.24601 0.32135
  8390.00 0.00011 0.00032 0.00021 0.23562 0.31952
  8400.00 0.00010 0.00032 0.00021 0.22363 0.31732
  8410.00 0.00007 0.00031 0.00021 0.20931 0.31571
  8420.00 0.00007 0.00031 0.00021 0.19357 0.31400
  8430.00 0.00007 0.00031 0.00021 0.17706 0.31231
  8440.00 0.00003 0.00034 0.00021 0.15859 0.31069
  8450.00 0.00003 0.00034 0.00020 0.13986 0.30913
  8460.00 0.00003 0.00034 0.00020 0.12278 0.30761
  8470.00 0.00003 0.00033 0.00020 0.10502 0.30630
  8480.00 0.00003 0.00033 0.00020 0.08875 0.30506
  8490.00 0.00003 0.00030 0.00020 0.07485 0.30374
  8500.00 0.00000 0.00030 0.00020 0.06219 0.30251
  8510.00 0.00000 0.00029 0.00020 0.05090 0.30131
  8520.00 0.00000 0.00029 0.00019 0.04203 0.29999
  8530.00 0.00000 0.00026 0.00019 0.03460 0.29860
  8540.00 0.00000 0.00025 0.00019 0.02807 0.29716
  8550.00 0.00000 0.00025 0.00019 0.02315 0.29553
  8560.00 0.00000 0.00025 0.00019 0.01911 0.29376
  8570.00 0.00000 0.00025 0.00019 0.01567 0.29190
  8580.00 0.00000 0.00025 0.00019 0.01307 0.28988
  8590.00 0.00000 0.00025 0.00018 0.01098 0.28773
  8600.00 0.00000 0.00021 0.00018 0.00913 0.28543
  8610.00 0.00000 0.00024 0.00018 0.00769 0.28299
  8620.00 0.00000 0.00021 0.00018 0.00655 0.28049
  8630.00 0.00000 0.00021 0.00015 0.00555 0.27784
  8640.00 0.00000 0.00021 0.00015 0.00474 0.27514
  8650.00 0.00000 0.00021 0.00018 0.00408 0.27248
  8660.00 0.00000 0.00020 0.00017 0.00350 0.26963
  8670.00 0.00000 0.00020 0.00017 0.00301 0.26682
  8680.00 0.00000 0.00020 0.00017 0.00264 0.26401
  8690.00 0.00000 0.00020 0.00017 0.00228 0.26116
  8700.00 0.00000 0.00020 0.00017 0.00200 0.25835
  8710.00 0.00000 0.00020 0.00017 0.00176 0.25561
  8720.00 0.00000 0.00019 0.00017 0.00155 0.25284
  8730.00 0.00000 0.00019 0.00017 0.00135 0.25015
  8740.00 0.00000 0.00019 0.00016 0.00120 0.24754
  8750.00 0.00000 0.00019 0.00016 0.00108 0.24502
  8760.00 0.00000 0.00019 0.00016 0.00097 0.24252
  8770.00 0.00000 0.00016 0.00016 0.00085 0.24009
  8780.00 0.00000 0.00018 0.00016 0.00077 0.23773
  8790.00 0.00000 0.00016 0.00016 0.00071 0.23541
  8800.00 0.00000 0.00018 0.00016 0.00065 0.23316
  8810.00 0.00000 0.00015 0.00015 0.00056 0.23098
  8820.00 0.00000 0.00018 0.00015 0.00051 0.22885
  8830.00 0.00000 0.00018 0.00015 0.00048 0.22678
  8840.00 0.00000 0.00017 0.00015 0.00043 0.22472
  8850.00 0.00000 0.00017 0.00015 0.00040 0.22274
  8860.00 0.00000 0.00017 0.00012 0.00037 0.22076
  8870.00 0.00000 0.00017 0.00015 0.00034 0.21882
  8880.00 0.00000 0.00017 0.00014 0.00031 0.21690
  8890.00 0.00000 0.00017 0.00014 0.00029 0.21500
  8900.00 0.00000 0.00017 0.00012 0.00028 0.21309
  8910.00 0.00000 0.00019 0.00014 0.00026 0.21118
  8920.00 0.00000 0.00018 0.00014 0.00023 0.20928
  8930.00 0.00000 0.00018 0.00014 0.00023 0.20735
  8940.00 0.00000 0.00018 0.00014 0.00020 0.20540
  8950.00 0.00000 0.00020 0.00013 0.00020 0.20344
  8960.00 0.00000 0.00018 0.00011 0.00018 0.20144
  8970.00 0.00000 0.00020 0.00013 0.00018 0.19943
  8980.00 0.00000 0.00017 0.00013 0.00017 0.19736
  8990.00 0.00000 0.00019 0.00013 0.00015 0.19527
  9000.00 0.00000 0.00017 0.00013 0.00015 0.19186
  9010.00 0.00000 0.00017 0.00013 0.00015 0.18944
  9020.00 0.00000 0.00016 0.00010 0.00014 0.18595
  9030.00 0.00000 0.00017 0.00010 0.00012 0.18677
  9040.00 0.00000 0.00017 0.00013 0.00013 0.19032
  9050.00 0.00000 0.00014 0.00010 0.00012 0.18763
  9060.00 0.00000 0.00014 0.00010 0.00012 0.18416
  9070.00 0.00000 0.00013 0.00012 0.00012 0.17486
  9080.00 0.00000 0.00012 0.00010 0.00010 0.17308
  9090.00 0.00000 0.00012 0.00010 0.00010 0.17200
  9100.00 0.00000 0.00009 0.00009 0.00009 0.16973
  9110.00 0.00000 0.00009 0.00009 0.00009 0.16840
  9120.00 0.00000 0.00009 0.00009 0.00009 0.16705
  9130.00 0.00000 0.00009 0.00011 0.00009 0.16379
  9140.00 0.00000 0.00007 0.00009 0.00009 0.16059
  9150.00 0.00000 0.00007 0.00011 0.00009 0.16269
  9160.00 0.00000 0.00009 0.00009 0.00007 0.15629
  9170.00 0.00000 0.00007 0.00011 0.00007 0.16000
  9180.00 0.00000 0.00009 0.00010 0.00007 0.15477
  9190.00 0.00002 0.00007 0.00011 0.00007 0.15725
  9200.00 0.00002 0.00007 0.00009 0.00007 0.15622
  9210.00 0.00002 0.00007 0.00009 0.00007 0.15479
  9220.00 0.00002 0.00007 0.00010 0.00007 0.15110
  9230.00 0.00002 0.00007 0.00008 0.00007 0.14972
  9240.00 0.00002 0.00007 0.00008 0.00007 0.14635
  9250.00 0.00003 0.00007 0.00008 0.00007 0.14351
  9260.00 0.00003 0.00007 0.00008 0.00007 0.14187
  9270.00 0.00003 0.00006 0.00010 0.00006 0.13992
  9280.00 0.00005 0.00006 0.00008 0.00006 0.13343
  9290.00 0.00005 0.00006 0.00009 0.00006 0.13000
  9300.00 0.00004 0.00006 0.00007 0.00006 0.12272
  9310.00 0.00005 0.00005 0.00007 0.00005 0.11587
  9320.00 0.00005 0.00005 0.00007 0.00005 0.10466
  9330.00 0.00006 0.00005 0.00007 0.00005 0.10282
  9340.00 0.00005 0.00004 0.00005 0.00004 0.09375
  9350.00 0.00006 0.00004 0.00007 0.00004 0.09491
  9360.00 0.00006 0.00004 0.00005 0.00004 0.09094
  9370.00 0.00007 0.00004 0.00007 0.00004 0.09355
  9380.00 0.00008 0.00004 0.00007 0.00004 0.09363
  9390.00 0.00009 0.00005 0.00007 0.00005 0.10260
  9400.00 0.00011 0.00005 0.00008 0.00005 0.11009
  9410.00 0.00012 0.00005 0.00007 0.00005 0.10532
  9420.00 0.00013 0.00005 0.00007 0.00005 0.10348
  9430.00 0.00013 0.00004 0.00006 0.00004 0.09089
  9440.00 0.00014 0.00004 0.00006 0.00004 0.08866
  9450.00 0.00016 0.00004 0.00007 0.00003 0.09527
  9460.00 0.00016 0.00004 0.00005 0.00003 0.08860
  9470.00 0.00017 0.00004 0.00007 0.00003 0.09498
  9480.00 0.00018 0.00004 0.00006 0.00003 0.09115
  9490.00 0.00018 0.00004 0.00007 0.00003 0.09553
  9500.00 0.00016 0.00004 0.00006 0.00003 0.08144
  9510.00 0.00018 0.00003 0.00006 0.00003 0.09442
  9520.00 0.00016 0.00004 0.00006 0.00004 0.08591
  9530.00 0.00015 0.00004 0.00006 0.00003 0.08798
  9540.00 0.00015 0.00004 0.00006 0.00004 0.08911
  9550.00 0.00013 0.00004 0.00006 0.00003 0.08559
  9560.00 0.00012 0.00004 0.00006 0.00004 0.08455
  9570.00 0.00012 0.00004 0.00006 0.00003 0.08275
  9580.00 0.00012 0.00004 0.00005 0.00004 0.08628
  9590.00 0.00010 0.00004 0.00005 0.00003 0.08072
  9600.00 0.00009 0.00004 0.00005 0.00003 0.08259
  9610.00 0.00009 0.00004 0.00006 0.00003 0.08375
  9620.00 0.00008 0.00004 0.00005 0.00004 0.08204
  9630.00 0.00007 0.00004 0.00005 0.00003 0.08153
  9640.00 0.00006 0.00004 0.00004 0.00003 0.07867
  9650.00 0.00005 0.00003 0.00004 0.00003 0.07861
  9660.00 0.00005 0.00004 0.00004 0.00003 0.07884
  9670.00 0.00004 0.00003 0.00004 0.00002 0.07683
  9680.00 0.00004 0.00003 0.00004 0.00002 0.07782
  9690.00 0.00004 0.00003 0.00004 0.00002 0.07722
  9700.00 0.00003 0.00003 0.00004 0.00002 0.07526
  9710.00 0.00003 0.00003 0.00004 0.00002 0.07482
  9720.00 0.00003 0.00003 0.00004 0.00002 0.07350
  9730.00 0.00003 0.00003 0.00004 0.00002 0.07261
  9740.00 0.00004 0.00003 0.00004 0.00002 0.07043
  9750.00 0.00004 0.00003 0.00004 0.00002 0.06983
  9760.00 0.00004 0.00003 0.00004 0.00002 0.06874
  9770.00 0.00004 0.00003 0.00004 0.00002 0.06968
  9780.00 0.00004 0.00003 0.00005 0.00002 0.06872
  9790.00 0.00004 0.00003 0.00004 0.00002 0.06777
  9800.00 0.00004 0.00003 0.00004 0.00002 0.06683
  9810.00 0.00004 0.00003 0.00004 0.00002 0.06619
  9820.00 0.00004 0.00003 0.00004 0.00002 0.06458
  9830.00 0.00004 0.00003 0.00003 0.00002 0.06261
  9840.00 0.00004 0.00003 0.00004 0.00002 0.06144
  9850.00 0.00004 0.00003 0.00004 0.00002 0.05951
  9860.00 0.00004 0.00002 0.00003 0.00002 0.05813
  9870.00 0.00004 0.00002 0.00004 0.00002 0.05633
  9880.00 0.00004 0.00002 0.00004 0.00002 0.05460
  9890.00 0.00003 0.00002 0.00004 0.00002 0.05294
  9900.00 0.00003 0.00003 0.00003 0.00002 0.05111
  9910.00 0.00003 0.00002 0.00003 0.00002 0.05026
  9920.00 0.00003 0.00002 0.00003 0.00002 0.04938
  9930.00 0.00003 0.00002 0.00003 0.00002 0.04843
  9940.00 0.00003 0.00002 0.00003 0.00002 0.04759
  9950.00 0.00003 0.00002 0.00003 0.00001 0.04671
  9960.00 0.00002 0.00002 0.00002 0.00001 0.04581
  9970.00 0.00002 0.00002 0.00003 0.00001 0.04492
  9980.00 0.00002 0.00002 0.00002 0.00001 0.04403
  9990.00 0.00002 0.00002 0.00002 0.00001 0.04315
 10000.00 0.00002 0.00002 0.00002 0.00001 0.04226
 10010.00 0.00002 0.00002 0.00002 0.00001 0.04139
 10020.00 0.00002 0.00002 0.00002 0.00001 0.04045
 10030.00 0.00002 0.00002 0.00002 0.00001 0.03964
 10040.00 0.00002 0.00002 0.00002 0.00001 0.03877
 10050.00 0.00002 0.00002 0.00002 0.00001 0.03792
 10060.00 0.00002 0.00002 0.00002 0.00001 0.03706
 10070.00 0.00002 0.00002 0.00002 0.00001 0.03622
 10080.00 0.00002 0.00002 0.00002 0.00001 0.03535
 10090.00 0.00002 0.00002 0.00002 0.00001 0.03448
 10100.00 0.00002 0.00002 0.00002 0.00001 0.03364
 10110.00 0.00002 0.00002 0.00002 0.00001 0.03283
 10120.00 0.00002 0.00002 0.00002 0.00001 0.03198
 10130.00 0.00002 0.00002 0.00002 0.00001 0.03116
 10140.00 0.00002 0.00002 0.00002 0.00001 0.03033
 10150.00 0.00002 0.00002 0.00002 0.00001 0.02950
 10160.00 0.00002 0.00002 0.00002 0.00001 0.02867
 10170.00 0.00002 0.00002 0.00002 0.00001 0.02784
 10180.00 0.00002 0.00001 0.00001 0.00001 0.02702
 10190.00 0.00002 0.00001 0.00001 0.00001 0.02618
 10200.00 0.00002 0.00001 0.00001 0.00001 0.02536
 10210.00 0.00002 0.00001 0.00001 0.00001 0.02454
 10220.00 0.00002 0.00001 0.00001 0.00001 0.02372
 10230.00 0.00002 0.00001 0.00001 0.00001 0.02289
 10240.00 0.00002 0.00001 0.00001 0.00001 0.02206
 10250.00 0.00002 0.00001 0.00001 0.00001 0.02125
 10260.00 0.00002 0.00001 0.00001 0.00001 0.02043
 10270.00 0.00001 0.00001 0.00001 0.00001 0.01960
 10280.00 0.00001 0.00001 0.00001 0.00001 0.01878
 10290.00 0.00001 0.00001 0.00001 0.00001 0.01795
 10300.00 0.00001 0.00001 0.00001 0.00001 0.01712
 10310.00 0.00001 0.00001 0.00001 0.00001 0.01715
 10320.00 0.00001 0.00001 0.00001 0.00001 0.01718
 10330.00 0.00001 0.00001 0.00001 0.00001 0.01721
 10340.00 0.00001 0.00001 0.00001 0.00001 0.01723
 10350.00 0.00001 0.00001 0.00001 0.00001 0.01726
 10360.00 0.00001 0.00001 0.00001 0.00001 0.01729
 10370.00 0.00001 0.00001 0.00001 0.00001 0.01732
 10380.00 0.00001 0.00001 0.00001 0.00001 0.01735
 10390.00 0.00001 0.00001 0.00001 0.00001 0.01738
 10400.00 0.00001 0.00001 0.00001 0.00001 0.01741
 10410.00 0.00001 0.00001 0.00001 0.00001 0.01656
 10420.00 0.00001 0.00001 0.00001 0.00001 0.01572
 10430.00 0.00001 0.00001 0.00001 0.00000 0.01487
 10440.00 0.00001 0.00001 0.00001 0.00000 0.01402
 10450.00 0.00001 0.00001 0.00001 0.00001 0.01316
 10460.00 0.00001 0.00001 0.00001 0.00000 0.01230
 10470.00 0.00001 0.00001 0.00001 0.00000 0.01144
 10480.00 0.00001 0.00001 0.00001 0.00000 0.01057
 10490.00 0.00001 0.00001 0.00000 0.00000 0.00970
 10500.00 0.00001 0.00001 0.00000 0.00000 0.00883
 10510.00 0.00000 0.00000 0.00000 0.00000 0.00000
 10520.00 0.00000 0.00000 0.00000 0.00000 0.00000
 10530.00 0.00000 0.00000 0.00000 0.00000 0.00000
 10540.00 0.00000 0.00000 0.00000 0.00000 0.00000
 10550.00 0.00000 0.00000 0.00000 0.00000 0.00000
 10560.00 0.00000 0.00000 0.00000 0.00000 0.00000
 10570.00 0.00000 0.00000 0.00000 0.00000 0.00000
 10580.00 0.00000 0.00000 0.00000 0.00000 0.00000
 10590.00 0.00000 0.00000 0.00000 0.00000 0.00000
 10600.00 0.00000 0.00000 0.00000 0.00000 0.00000
 10610.00 0.00000 0.00000 0.00000 0.00000 0.00000
 10620.00 0.00000 0.00000 0.00000 0.00000 0.00000
 10630.00 0.00000 0.00000 0.00000 0.00000 0.00000
 10640.00 0.00000 0.00000 0.00000 0.00000 0.00000
 10650.00 0.00000 0.00000 0.00000 0.00000 0.00000
 10660.00 0.00000 0.00000 0.00000 0.00000 0.00000
 10670.00 0.00000 0.00000 0.00000 0.00000 0.00000
 10680.00 0.00000 0.00000 0.00000 0.00000 0.00000
 10690.00 0.00000 0.00000 0.00000 0.00000 0.00000
 10700.00 0.00000 0.00000 0.00000 0.00000 0.00000
 10710.00 0.00000 0.00000 0.00000 0.00000 0.00000
 10720.00 0.00000 0.00000 0.00000 0.00000 0.00000
 10730.00 0.00000 0.00000 0.00000 0.00000 0.00000
 10740.00 0.00000 0.00000 0.00000 0.00000 0.00000
 10750.00 0.00000 0.00000 0.00000 0.00000 0.00000
 10760.00 0.00000 0.00000 0.00000 0.00000 0.00000
 10770.00 0.00000 0.00000 0.00000 0.00000 0.00000
 10780.00 0.00000 0.00000 0.00000 0.00000 0.00000
 10790.00 0.00000 0.00000 0.00000 0.00000 0.00000
 10800.00 0.00000 0.00000 0.00000 0.00000 0.00000
 10810.00 0.00000 0.00000 0.00000 0.00000 0.00000
 10820.00 0.00000 0.00000 0.00000 0.00000 0.00000
 10830.00 0.00000 0.00000 0.00000 0.00000 0.00000
 10840.00 0.00000 0.00000 0.00000 0.00000 0.00000
 10850.00 0.00000 0.00000 0.00000 0.00000 0.00000
 10860.00 0.00000 0.00000 0.00000 0.00000 0.00000
 10870.00 0.00000 0.00000 0.00000 0.00000 0.00000
 10880.00 0.00000 0.00000 0.00000 0.00000 0.00000
 10890.00 0.00000 0.00000 0.00000 0.00000 0.00000
 10900.00 0.00000 0.00000 0.00000 0.00000 0.00000
 10910.00 0.00000 0.00000 0.00000 0.00000 0.00000
 10920.00 0.00000 0.00000 0.00000 0.00000 0.00000
 10930.00 0.00000 0.00000 0.00000 0.00000 0.00000
 10940.00 0.00000 0.00000 0.00000 0.00000 0.00000
 10950.00 0.00000 0.00000 0.00000 0.00000 0.00000
 10960.00 0.00000 0.00000 0.00000 0.00000 0.00000
 10970.00 0.00000 0.00000 0.00000 0.00000 0.00000
 10980.00 0.00000 0.00000 0.00000 0.00000 0.00000
 10990.00 0.00000 0.00000 0.00000 0.00000 0.00000
 11000.00 0.00000 0.00000 0.00000 0.00000 0.00000
