# col1 col2
 1150.00      0.797
 1152.00      0.761
 1154.00      0.860
 1156.00      0.864
 1158.00      0.815
 1160.00      0.880
 1162.00      0.785
 1164.00      0.834
 1166.00      0.816
 1168.00      0.874
 1170.00      0.815
 1172.00      0.751
 1174.00      0.705
 1176.00      0.801
 1178.00      0.764
 1180.00      0.801
 1182.00      0.820
 1184.00      0.858
 1186.00      0.853
 1188.00      0.753
 1190.00      0.671
 1192.00      0.665
 1194.00      0.756
 1196.00      0.786
 1198.00      0.818
 1200.00      0.739
 1202.00      0.652
 1204.00      0.605
 1206.00      0.509
 1208.00      0.400
 1210.00      0.430
 1212.00      0.368
 1214.00      0.359
 1216.00      0.475
 1218.00      0.551
 1220.00      0.638
 1222.00      0.637
 1224.00      0.699
 1226.00      0.728
 1228.00      0.809
 1230.00      0.878
 1232.00      0.918
 1234.00      0.950
 1236.00      0.928
 1238.00      0.887
 1240.00      0.955
 1242.00      1.067
 1244.00      1.059
 1246.00      1.096
 1248.00      1.013
 1250.00      1.016
 1252.00      0.997
 1254.00      1.033
 1256.00      1.000
 1258.00      0.915
 1260.00      0.827
 1262.00      0.893
 1264.00      1.077
 1266.00      1.121
 1268.00      1.125
 1270.00      1.123
 1272.00      1.135
 1274.00      1.107
 1276.00      1.117
 1278.00      1.141
 1280.00      1.138
 1282.00      1.107
 1284.00      1.121
 1286.00      1.129
 1288.00      1.122
 1290.00      1.098
 1292.00      1.120
 1294.00      1.071
 1296.00      1.022
 1298.00      0.991
 1300.00      0.806
 1302.00      0.669
 1304.00      0.748
 1306.00      0.945
 1308.00      1.119
 1310.00      1.197
 1312.00      1.206
 1314.00      1.141
 1316.00      1.104
 1318.00      1.139
 1320.00      1.129
 1322.00      1.125
 1324.00      1.080
 1326.00      1.049
 1328.00      1.084
 1330.00      1.021
 1332.00      0.952
 1334.00      0.816
 1336.00      0.870
 1338.00      0.991
 1340.00      1.033
 1342.00      1.055
 1344.00      1.056
 1346.00      1.086
 1348.00      1.090
 1350.00      1.116
 1352.00      1.127
 1354.00      1.126
 1356.00      1.109
 1358.00      1.106
 1360.00      1.082
 1362.00      1.086
 1364.00      1.040
 1366.00      1.063
 1368.00      1.046
 1370.00      1.079
 1372.00      1.017
 1374.00      1.047
 1376.00      1.038
 1378.00      1.084
 1380.00      1.053
 1382.00      1.055
 1384.00      1.037
 1386.00      1.003
 1388.00      1.019
 1390.00      0.909
 1392.00      0.879
 1394.00      0.841
 1396.00      0.864
 1398.00      0.920
 1400.00      0.917
 1402.00      0.905
 1404.00      0.964
 1406.00      0.993
 1408.00      1.031
 1410.00      1.045
 1412.00      1.029
 1414.00      1.024
 1416.00      1.019
 1418.00      1.024
 1420.00      1.005
 1422.00      1.000
 1424.00      1.030
 1426.00      1.036
 1428.00      0.988
 1430.00      0.995
 1432.00      0.993
 1434.00      1.020
 1436.00      1.004
 1438.00      0.992
 1440.00      1.002
 1442.00      1.025
 1444.00      1.005
 1446.00      0.986
 1448.00      1.005
 1450.00      1.017
 1452.00      1.009
 1454.00      1.011
 1456.00      1.000
 1458.00      1.005
 1460.00      1.000
 1462.00      1.003
 1464.00      1.004
 1466.00      1.003
 1468.00      0.986
 1470.00      0.994
 1472.00      0.999
 1474.00      0.999
 1476.00      0.986
 1478.00      0.997
 1480.00      0.991
 1482.00      0.985
 1484.00      0.969
 1486.00      0.984
 1488.00      0.976
 1490.00      0.986
 1492.00      0.993
 1494.00      1.004
 1496.00      0.982
 1498.00      0.963
 1500.00      0.932
 1502.00      0.956
 1504.00      0.940
 1506.00      0.962
 1508.00      0.982
 1510.00      0.975
 1512.00      0.981
 1514.00      0.971
 1516.00      0.969
 1518.00      0.968
 1520.00      0.977
 1522.00      0.940
 1524.00      0.812
 1526.00      0.724
 1528.00      0.728
 1530.00      0.808
 1532.00      0.920
 1534.00      0.955
 1536.00      0.930
 1538.00      0.871
 1540.00      0.861
 1542.00      0.818
 1544.00      0.774
 1546.00      0.667
 1548.00      0.658
 1550.00      0.677
 1552.00      0.812
 1554.00      0.913
 1556.00      0.951
 1558.00      0.927
 1560.00      0.937
 1562.00      0.898
 1564.00      0.903
 1566.00      0.904
 1568.00      0.940
 1570.00      0.914
 1572.00      0.909
 1574.00      0.908
 1576.00      0.929
 1578.00      0.895
 1580.00      0.895
 1582.00      0.904
 1584.00      0.938
 1586.00      0.926
 1588.00      0.902
 1590.00      0.925
 1592.00      0.921
 1594.00      0.884
 1596.00      0.894
 1598.00      0.918
 1600.00      0.900
 1602.00      0.901
 1604.00      0.865
 1606.00      0.845
 1608.00      0.777
 1610.00      0.782
 1612.00      0.815
 1614.00      0.885
 1616.00      0.891
 1618.00      0.906
 1620.00      0.894
 1622.00      0.878
 1624.00      0.879
 1626.00      0.904
 1628.00      0.889
 1630.00      0.865
 1632.00      0.899
 1634.00      0.896
 1636.00      0.883
 1638.00      0.926
 1640.00      0.919
 1642.00      0.946
 1644.00      0.941
 1646.00      0.917
 1648.00      0.907
 1650.00      0.919
 1652.00      0.884
 1654.00      0.870
 1656.00      0.852
 1658.00      0.835
 1660.00      0.883
 1662.00      0.863
 1664.00      0.877
 1666.00      0.866
 1668.00      0.788
 1670.00      0.747
 1672.00      0.739
 1674.00      0.800
 1676.00      0.859
 1678.00      0.871
 1680.00      0.904
 1682.00      0.916
 1684.00      0.895
 1686.00      0.882
 1688.00      0.847
 1690.00      0.887
 1692.00      0.873
 1694.00      0.854
 1696.00      0.888
 1698.00      0.872
 1700.00      0.863
 1702.00      0.874
 1704.00      0.838
 1706.00      0.838
 1708.00      0.806
 1710.00      0.809
 1712.00      0.838
 1714.00      0.824
 1716.00      0.812
 1718.00      0.832
 1720.00      0.839
 1722.00      0.820
 1724.00      0.819
 1726.00      0.857
 1728.00      0.820
 1730.00      0.828
 1732.00      0.837
 1734.00      0.850
 1736.00      0.836
 1738.00      0.853
 1740.00      0.826
 1742.00      0.825
 1744.00      0.838
 1746.00      0.823
 1748.00      0.797
 1750.00      0.820
 1752.00      0.819
 1754.00      0.834
 1756.00      0.850
 1758.00      0.859
 1760.00      0.827
 1762.00      0.824
 1764.00      0.830
 1766.00      0.824
 1768.00      0.816
 1770.00      0.809
 1772.00      0.787
 1774.00      0.803
 1776.00      0.808
 1778.00      0.808
 1780.00      0.823
 1782.00      0.814
 1784.00      0.838
 1786.00      0.818
 1788.00      0.815
 1790.00      0.807
 1792.00      0.790
 1794.00      0.802
 1796.00      0.817
 1798.00      0.823
 1800.00      0.844
 1802.00      0.816
 1804.00      0.822
 1806.00      0.787
 1808.00      0.769
 1810.00      0.777
 1812.00      0.800
 1814.00      0.794
 1816.00      0.803
 1818.00      0.801
 1820.00      0.832
 1822.00      0.820
 1824.00      0.798
 1826.00      0.773
 1828.00      0.794
 1830.00      0.796
 1832.00      0.801
 1834.00      0.798
 1836.00      0.776
 1838.00      0.794
 1840.00      0.784
 1842.00      0.762
 1844.00      0.773
 1846.00      0.751
 1848.00      0.751
 1850.00      0.752
 1852.00      0.722
 1854.00      0.709
 1856.00      0.708
 1858.00      0.728
 1860.00      0.718
 1862.00      0.720
 1864.00      0.720
 1866.00      0.730
 1868.00      0.744
 1870.00      0.739
 1872.00      0.757
 1874.00      0.762
 1876.00      0.776
 1878.00      0.754
 1880.00      0.754
 1882.00      0.766
 1884.00      0.754
 1886.00      0.744
 1888.00      0.736
 1890.00      0.731
 1892.00      0.738
 1894.00      0.701
 1896.00      0.698
 1898.00      0.722
 1900.00      0.734
 1902.00      0.725
 1904.00      0.760
 1906.00      0.783
 1908.00      0.795
 1910.00      0.788
 1912.00      0.747
 1914.00      0.729
 1916.00      0.694
 1918.00      0.711
 1920.00      0.719
 1922.00      0.728
 1924.00      0.712
 1926.00      0.699
 1928.00      0.682
 1930.00      0.696
 1932.00      0.705
 1934.00      0.699
 1936.00      0.706
 1938.00      0.698
 1940.00      0.693
 1942.00      0.692
 1944.00      0.677
 1946.00      0.693
 1948.00      0.703
 1950.00      0.707
 1952.00      0.679
 1954.00      0.676
 1956.00      0.664
 1958.00      0.665
 1960.00      0.681
 1962.00      0.683
 1964.00      0.685
 1966.00      0.670
 1968.00      0.668
 1970.00      0.693
 1972.00      0.690
 1974.00      0.700
 1976.00      0.698
 1978.00      0.678
 1980.00      0.680
 1982.00      0.686
 1984.00      0.658
 1986.00      0.660
 1988.00      0.671
 1990.00      0.657
 1992.00      0.653
 1994.00      0.633
 1996.00      0.642
 1998.00      0.640
 2000.00      0.662
 2002.00      0.648
 2004.00      0.666
 2006.00      0.674
 2008.00      0.669
 2010.00      0.657
 2012.00      0.626
 2014.00      0.656
 2016.00      0.656
 2018.00      0.649
 2020.00      0.643
 2022.00      0.639
 2024.00      0.640
 2026.00      0.640
 2028.00      0.636
 2030.00      0.640
 2032.00      0.641
 2034.00      0.637
 2036.00      0.628
 2038.00      0.640
 2040.00      0.608
 2042.00      0.626
 2044.00      0.614
 2046.00      0.616
 2048.00      0.624
 2050.00      0.617
 2052.00      0.613
 2054.00      0.605
 2056.00      0.596
 2058.00      0.599
 2060.00      0.598
 2062.00      0.592
 2064.00      0.584
 2066.00      0.569
 2068.00      0.587
 2070.00      0.601
 2072.00      0.597
 2074.00      0.603
 2076.00      0.621
 2078.00      0.625
 2080.00      0.612
 2082.00      0.603
 2084.00      0.603
 2086.00      0.584
 2088.00      0.609
 2090.00      0.600
 2092.00      0.580
 2094.00      0.607
 2096.00      0.583
 2098.00      0.562
 2100.00      0.579
 2102.00      0.580
 2104.00      0.592
 2106.00      0.590
 2108.00      0.594
 2110.00      0.592
 2112.00      0.601
 2114.00      0.584
 2116.00      0.569
 2118.00      0.564
 2120.00      0.566
 2122.00      0.581
 2124.00      0.581
 2126.00      0.579
 2128.00      0.578
 2130.00      0.597
 2132.00      0.584
 2134.00      0.583
 2136.00      0.568
 2138.00      0.582
 2140.00      0.564
 2142.00      0.573
 2144.00      0.552
 2146.00      0.561
 2148.00      0.574
 2150.00      0.565
 2152.00      0.559
 2154.00      0.548
 2156.00      0.564
 2158.00      0.581
 2160.00      0.552
 2162.00      0.544
 2164.00      0.545
 2166.00      0.540
 2168.00      0.552
 2170.00      0.547
 2172.00      0.544
 2174.00      0.557
 2176.00      0.595
 2178.00      0.552
 2180.00      0.545
 2182.00      0.532
 2184.00      0.541
 2186.00      0.548
 2188.00      0.540
 2190.00      0.547
 2192.00      0.580
 2194.00      0.554
 2196.00      0.553
 2198.00      0.562
 2200.00      0.546
 2202.00      0.562
 2204.00      0.563
 2206.00      0.522
 2208.00      0.532
 2210.00      0.535
 2212.00      0.541
 2214.00      0.550
 2216.00      0.550
 2218.00      0.540
 2220.00      0.560
 2222.00      0.554
 2224.00      0.561
 2226.00      0.509
 2228.00      0.515
 2230.00      0.534
 2232.00      0.549
 2234.00      0.546
 2236.00      0.538
 2238.00      0.536
 2240.00      0.522
 2242.00      0.526
 2244.00      0.529
 2246.00      0.543
 2248.00      0.541
 2250.00      0.539
 2252.00      0.539
 2254.00      0.509
 2256.00      0.526
 2258.00      0.533
 2260.00      0.521
 2262.00      0.525
 2264.00      0.534
 2266.00      0.512
 2268.00      0.508
 2270.00      0.542
 2272.00      0.535
 2274.00      0.532
 2276.00      0.520
 2278.00      0.545
 2280.00      0.541
 2282.00      0.527
 2284.00      0.533
 2286.00      0.547
 2288.00      0.526
 2290.00      0.530
 2292.00      0.539
 2294.00      0.520
 2296.00      0.514
 2298.00      0.516
 2300.00      0.545
 2302.00      0.512
 2304.00      0.554
 2306.00      0.560
 2308.00      0.544
 2310.00      0.535
 2312.00      0.515
 2314.00      0.507
 2316.00      0.509
 2318.00      0.521
 2320.00      0.526
 2322.00      0.545
 2324.00      0.575
 2326.00      0.572
 2328.00      0.552
 2330.00      0.564
 2332.00      0.552
 2334.00      0.511
 2336.00      0.483
 2338.00      0.481
 2340.00      0.466
 2342.00      0.430
 2344.00      0.406
 2346.00      0.417
 2348.00      0.425
 2350.00      0.470
 2352.00      0.503
 2354.00      0.501
 2356.00      0.525
 2358.00      0.516
 2360.00      0.503
 2362.00      0.503
 2364.00      0.511
 2366.00      0.484
 2368.00      0.508
 2370.00      0.476
 2372.00      0.436
 2374.00      0.409
 2376.00      0.402
 2378.00      0.406
 2380.00      0.435
 2382.00      0.407
 2384.00      0.426
 2386.00      0.442
 2388.00      0.454
 2390.00      0.504
 2392.00      0.527
 2394.00      0.513
 2396.00      0.498
 2398.00      0.512
 2400.00      0.501
 2402.00      0.497
 2404.00      0.498
 2406.00      0.515
 2408.00      0.486
 2410.00      0.504
 2412.00      0.525
 2414.00      0.495
 2416.00      0.476
 2418.00      0.500
 2420.00      0.495
 2422.00      0.505
 2424.00      0.525
 2426.00      0.492
 2428.00      0.516
 2430.00      0.487
 2432.00      0.511
 2434.00      0.511
 2436.00      0.501
 2438.00      0.503
 2440.00      0.496
 2442.00      0.494
 2444.00      0.510
 2446.00      0.506
 2448.00      0.473
 2450.00      0.475
 2452.00      0.484
 2454.00      0.482
 2456.00      0.496
 2458.00      0.496
 2460.00      0.499
 2462.00      0.508
 2464.00      0.474
 2466.00      0.478
 2468.00      0.486
 2470.00      0.489
 2472.00      0.497
 2474.00      0.473
 2476.00      0.483
 2478.00      0.507
 2480.00      0.491
 2482.00      0.505
 2484.00      0.462
 2486.00      0.442
 2488.00      0.476
 2490.00      0.493
 2492.00      0.495
 2494.00      0.473
 2496.00      0.469
 2498.00      0.459
 2500.00      0.471
