  938.6     0.996
  938.8     1.003
  939.0     1.028
  939.2     1.060
  939.4     1.074
  939.6     1.096
  939.8     1.115
  940.0     1.132
  940.2     1.141
  940.4     1.170
  940.6     1.202
  940.8     1.230
  941.0     1.250
  941.2     1.271
  941.4     1.286
  941.6     1.314
  941.8     1.341
  942.0     1.379
  942.2     1.404
  942.4     1.424
  942.6     1.457
  942.8     1.488
  943.0     1.511
  943.2     1.546
  943.4     1.587
  943.6     1.624
  943.8     1.642
  944.0     1.669
  944.2     1.706
  944.4     1.729
  944.6     1.761
  944.8     1.794
  945.0     1.837
  945.2     1.866
  945.4     1.906
  945.6     1.953
  945.8     1.988
  946.0     2.042
  946.2     2.095
  946.4     2.142
  946.6     2.177
  946.8     2.223
  947.0     2.272
  947.2     2.332
  947.4     2.380
  947.6     2.443
  947.8     2.499
  948.0     2.557
  948.2     2.614
  948.4     2.672
  948.6     2.731
  948.8     2.794
  949.0     2.849
  949.2     2.907
  949.4     2.979
  949.6     3.056
  949.8     3.137
  950.0     3.204
  950.2     3.282
  950.4     3.355
  950.6     3.441
  950.8     3.531
  951.0     3.613
  951.2     3.693
  951.4     3.784
  951.6     3.873
  951.8     3.970
  952.0     4.074
  952.2     4.185
  952.4     4.294
  952.6     4.393
  952.8     4.500
  953.0     4.613
  953.2     4.742
  953.4     4.871
  953.6     4.999
  953.8     5.138
  954.0     5.273
  954.2     5.420
  954.4     5.571
  954.6     5.725
  954.8     5.890
  955.0     6.050
  955.2     6.216
  955.4     6.396
  955.6     6.578
  955.8     6.772
  956.0     6.960
  956.2     7.152
  956.4     7.332
  956.6     7.526
  956.8     7.735
  957.0     7.942
  957.2     8.147
  957.4     8.362
  957.6     8.586
  957.8     8.809
  958.0     9.047
  958.2     9.291
  958.4     9.529
  958.6     9.787
  958.8    10.045
  959.0    10.301
  959.2    10.576
  959.4    10.863
  959.6    11.162
  959.8    11.461
  960.0    11.761
  960.2    12.073
  960.4    12.402
  960.6    12.729
  960.8    13.072
  961.0    13.417
  961.2    13.762
  961.4    14.133
  961.6    14.502
  961.8    14.868
  962.0    15.254
  962.2    15.648
  962.4    16.046
  962.6    16.452
  962.8    16.864
  963.0    17.293
  963.2    17.731
  963.4    18.179
  963.6    18.633
  963.8    19.099
  964.0    19.557
  964.2    20.039
  964.4    20.541
  964.6    21.021
  964.8    21.533
  965.0    22.057
  965.2    22.578
  965.4    23.105
  965.6    23.647
  965.8    24.187
  966.0    24.748
  966.2    25.314
  966.4    25.874
  966.6    26.437
  966.8    27.007
  967.0    27.594
  967.2    28.186
  967.4    28.780
  967.6    29.375
  967.8    29.987
  968.0    30.583
  968.2    31.195
  968.4    31.812
  968.6    32.449
  968.8    33.067
  969.0    33.698
  969.2    34.326
  969.4    34.955
  969.6    35.596
  969.8    36.235
  970.0    36.882
  970.2    37.524
  970.4    38.161
  970.6    38.800
  970.8    39.433
  971.0    40.068
  971.2    40.700
  971.4    41.319
  971.6    41.942
  971.8    42.555
  972.0    43.172
  972.2    43.787
  972.4    44.392
  972.6    44.998
  972.8    45.599
  973.0    46.187
  973.2    46.768
  973.4    47.350
  973.6    47.928
  973.8    48.485
  974.0    49.051
  974.2    49.600
  974.4    50.146
  974.6    50.679
  974.8    51.202
  975.0    51.706
  975.2    52.225
  975.4    52.718
  975.6    53.209
  975.8    53.690
  976.0    54.158
  976.2    54.619
  976.4    55.061
  976.6    55.484
  976.8    55.907
  977.0    56.319
  977.2    56.699
  977.4    57.085
  977.6    57.466
  977.8    57.838
  978.0    58.192
  978.2    58.549
  978.4    58.876
  978.6    59.198
  978.8    59.515
  979.0    59.813
  979.2    60.109
  979.4    60.388
  979.6    60.666
  979.8    60.933
  980.0    61.192
  980.2    61.443
  980.4    61.693
  980.6    61.926
  980.8    62.152
  981.0    62.370
  981.2    62.582
  981.4    62.782
  981.6    62.978
  981.8    63.171
  982.0    63.344
  982.2    63.513
  982.4    63.680
  982.6    63.841
  982.8    63.998
  983.0    64.146
  983.2    64.284
  983.4    64.430
  983.6    64.560
  983.8    64.693
  984.0    64.816
  984.2    64.943
  984.4    65.070
  984.6    65.193
  984.8    65.306
  985.0    65.422
  985.2    65.533
  985.4    65.633
  985.6    65.738
  985.8    65.839
  986.0    65.938
  986.2    66.048
  986.4    66.153
  986.6    66.249
  986.8    66.353
  987.0    66.452
  987.2    66.553
  987.4    66.652
  987.6    66.742
  987.8    66.835
  988.0    66.933
  988.2    67.018
  988.4    67.102
  988.6    67.203
  988.8    67.285
  989.0    67.378
  989.2    67.456
  989.4    67.537
  989.6    67.621
  989.8    67.708
  990.0    67.792
  990.2    67.877
  990.4    67.963
  990.6    68.042
  990.8    68.123
  991.0    68.211
  991.2    68.295
  991.4    68.387
  991.6    68.481
  991.8    68.565
  992.0    68.661
  992.2    68.748
  992.4    68.855
  992.6    68.947
  992.8    69.034
  993.0    69.127
  993.2    69.220
  993.4    69.299
  993.6    69.379
  993.8    69.460
  994.0    69.550
  994.2    69.621
  994.4    69.701
  994.6    69.772
  994.8    69.849
  995.0    69.919
  995.2    69.991
  995.4    70.064
  995.6    70.126
  995.8    70.189
  996.0    70.259
  996.2    70.317
  996.4    70.377
  996.6    70.438
  996.8    70.494
  997.0    70.549
  997.2    70.599
  997.4    70.653
  997.6    70.700
  997.8    70.746
  998.0    70.795
  998.2    70.844
  998.4    70.889
  998.6    70.921
  998.8    70.963
  999.0    71.005
  999.2    71.031
  999.4    71.063
  999.6    71.100
  999.8    71.135
 1000.0    71.175
 1000.2    71.204
 1000.4    71.227
 1000.6    71.251
 1000.8    71.271
 1001.0    71.294
 1001.2    71.303
 1001.4    71.313
 1001.6    71.320
 1001.8    71.326
 1002.0    71.330
 1002.2    71.335
 1002.4    71.342
 1002.6    71.347
 1002.8    71.350
 1003.0    71.350
 1003.2    71.336
 1003.4    71.336
 1003.6    71.338
 1003.8    71.332
 1004.0    71.333
 1004.2    71.318
 1004.4    71.312
 1004.6    71.307
 1004.8    71.301
 1005.0    71.301
 1005.2    71.284
 1005.4    71.269
 1005.6    71.266
 1005.8    71.259
 1006.0    71.234
 1006.2    71.217
 1006.4    71.202
 1006.6    71.187
 1006.8    71.167
 1007.0    71.146
 1007.2    71.126
 1007.4    71.115
 1007.6    71.100
 1007.8    71.071
 1008.0    71.048
 1008.2    71.027
 1008.4    71.005
 1008.6    70.981
 1008.8    70.956
 1009.0    70.926
 1009.2    70.905
 1009.4    70.879
 1009.6    70.863
 1009.8    70.837
 1010.0    70.811
 1010.2    70.787
 1010.4    70.766
 1010.6    70.744
 1010.8    70.729
 1011.0    70.718
 1011.2    70.703
 1011.4    70.688
 1011.6    70.680
 1011.8    70.671
 1012.0    70.654
 1012.2    70.648
 1012.4    70.648
 1012.6    70.647
 1012.8    70.638
 1013.0    70.641
 1013.2    70.644
 1013.4    70.654
 1013.6    70.659
 1013.8    70.663
 1014.0    70.657
 1014.2    70.662
 1014.4    70.670
 1014.6    70.674
 1014.8    70.686
 1015.0    70.700
 1015.2    70.718
 1015.4    70.734
 1015.6    70.746
 1015.8    70.766
 1016.0    70.792
 1016.2    70.815
 1016.4    70.844
 1016.6    70.876
 1016.8    70.903
 1017.0    70.940
 1017.2    70.987
 1017.4    71.031
 1017.6    71.071
 1017.8    71.115
 1018.0    71.153
 1018.2    71.202
 1018.4    71.249
 1018.6    71.303
 1018.8    71.362
 1019.0    71.422
 1019.2    71.474
 1019.4    71.527
 1019.6    71.579
 1019.8    71.637
 1020.0    71.704
 1020.2    71.759
 1020.4    71.825
 1020.6    71.880
 1020.8    71.944
 1021.0    72.003
 1021.2    72.066
 1021.4    72.127
 1021.6    72.183
 1021.8    72.244
 1022.0    72.304
 1022.2    72.356
 1022.4    72.417
 1022.6    72.478
 1022.8    72.539
 1023.0    72.595
 1023.2    72.650
 1023.4    72.716
 1023.6    72.768
 1023.8    72.829
 1024.0    72.885
 1024.2    72.954
 1024.4    73.013
 1024.6    73.071
 1024.8    73.135
 1025.0    73.192
 1025.2    73.250
 1025.4    73.312
 1025.6    73.375
 1025.8    73.434
 1026.0    73.494
 1026.2    73.546
 1026.4    73.599
 1026.6    73.651
 1026.8    73.698
 1027.0    73.747
 1027.2    73.793
 1027.4    73.831
 1027.6    73.880
 1027.8    73.921
 1028.0    73.959
 1028.2    74.001
 1028.4    74.036
 1028.6    74.063
 1028.8    74.088
 1029.0    74.112
 1029.2    74.132
 1029.4    74.158
 1029.6    74.178
 1029.8    74.197
 1030.0    74.217
 1030.2    74.237
 1030.4    74.257
 1030.6    74.272
 1030.8    74.281
 1031.0    74.287
 1031.2    74.297
 1031.4    74.297
 1031.6    74.297
 1031.8    74.298
 1032.0    74.300
 1032.2    74.304
 1032.4    74.303
 1032.6    74.300
 1032.8    74.295
 1033.0    74.284
 1033.2    74.275
 1033.4    74.255
 1033.6    74.228
 1033.8    74.208
 1034.0    74.182
 1034.2    74.162
 1034.4    74.136
 1034.6    74.113
 1034.8    74.083
 1035.0    74.055
 1035.2    74.023
 1035.4    73.984
 1035.6    73.950
 1035.8    73.914
 1036.0    73.874
 1036.2    73.840
 1036.4    73.801
 1036.6    73.769
 1036.8    73.735
 1037.0    73.700
 1037.2    73.663
 1037.4    73.627
 1037.6    73.586
 1037.8    73.544
 1038.0    73.506
 1038.2    73.465
 1038.4    73.419
 1038.6    73.380
 1038.8    73.338
 1039.0    73.296
 1039.2    73.256
 1039.4    73.209
 1039.6    73.164
 1039.8    73.116
 1040.0    73.073
 1040.2    73.021
 1040.4    72.968
 1040.6    72.920
 1040.8    72.874
 1041.0    72.823
 1041.2    72.769
 1041.4    72.723
 1041.6    72.678
 1041.8    72.627
 1042.0    72.575
 1042.2    72.525
 1042.4    72.473
 1042.6    72.418
 1042.8    72.374
 1043.0    72.327
 1043.2    72.272
 1043.4    72.227
 1043.6    72.177
 1043.8    72.121
 1044.0    72.066
 1044.2    72.012
 1044.4    71.960
 1044.6    71.907
 1044.8    71.852
 1045.0    71.796
 1045.2    71.733
 1045.4    71.672
 1045.6    71.611
 1045.8    71.548
 1046.0    71.486
 1046.2    71.425
 1046.4    71.358
 1046.6    71.288
 1046.8    71.225
 1047.0    71.158
 1047.2    71.092
 1047.4    71.024
 1047.6    70.952
 1047.8    70.883
 1048.0    70.810
 1048.2    70.741
 1048.4    70.673
 1048.6    70.601
 1048.8    70.529
 1049.0    70.462
 1049.2    70.386
 1049.4    70.308
 1049.6    70.236
 1049.8    70.168
 1050.0    70.094
 1050.2    70.016
 1050.4    69.942
 1050.6    69.867
 1050.8    69.797
 1051.0    69.716
 1051.2    69.641
 1051.4    69.565
 1051.6    69.489
 1051.8    69.409
 1052.0    69.334
 1052.2    69.255
 1052.4    69.180
 1052.6    69.109
 1052.8    69.035
 1053.0    68.964
 1053.2    68.892
 1053.4    68.826
 1053.6    68.753
 1053.8    68.684
 1054.0    68.614
 1054.2    68.552
 1054.4    68.491
 1054.6    68.430
 1054.8    68.364
 1055.0    68.307
 1055.2    68.248
 1055.4    68.192
 1055.6    68.130
 1055.8    68.069
 1056.0    68.019
 1056.2    67.966
 1056.4    67.917
 1056.6    67.865
 1056.8    67.822
 1057.0    67.773
 1057.2    67.729
 1057.4    67.685
 1057.6    67.642
 1057.8    67.599
 1058.0    67.566
 1058.2    67.532
 1058.4    67.502
 1058.6    67.471
 1058.8    67.448
 1059.0    67.426
 1059.2    67.400
 1059.4    67.375
 1059.6    67.355
 1059.8    67.334
 1060.0    67.317
 1060.2    67.300
 1060.4    67.285
 1060.6    67.271
 1060.8    67.258
 1061.0    67.249
 1061.2    67.242
 1061.4    67.233
 1061.6    67.226
 1061.8    67.216
 1062.0    67.213
 1062.2    67.210
 1062.4    67.209
 1062.6    67.209
 1062.8    67.212
 1063.0    67.216
 1063.2    67.210
 1063.4    67.213
 1063.6    67.220
 1063.8    67.223
 1064.0    67.224
 1064.2    67.229
 1064.4    67.229
 1064.6    67.227
 1064.8    67.226
 1065.0    67.223
 1065.2    67.215
 1065.4    67.207
 1065.6    67.191
 1065.8    67.174
 1066.0    67.148
 1066.2    67.119
 1066.4    67.091
 1066.6    67.056
 1066.8    67.006
 1067.0    66.951
 1067.2    66.887
 1067.4    66.818
 1067.6    66.742
 1067.8    66.656
 1068.0    66.560
 1068.2    66.461
 1068.4    66.351
 1068.6    66.228
 1068.8    66.101
 1069.0    65.961
 1069.2    65.813
 1069.4    65.651
 1069.6    65.472
 1069.8    65.280
 1070.0    65.076
 1070.2    64.864
 1070.4    64.632
 1070.6    64.386
 1070.8    64.128
 1071.0    63.855
 1071.2    63.570
 1071.4    63.268
 1071.6    62.949
 1071.8    62.613
 1072.0    62.262
 1072.2    61.900
 1072.4    61.517
 1072.6    61.119
 1072.8    60.719
 1073.0    60.306
 1073.2    59.885
 1073.4    59.441
 1073.6    58.990
 1073.8    58.527
 1074.0    58.046
 1074.2    57.553
 1074.4    57.047
 1074.6    56.526
 1074.8    55.991
 1075.0    55.447
 1075.2    54.893
 1075.4    54.321
 1075.6    53.743
 1075.8    53.154
 1076.0    52.553
 1076.2    51.942
 1076.4    51.320
 1076.6    50.685
 1076.8    50.047
 1077.0    49.393
 1077.2    48.737
 1077.4    48.077
 1077.6    47.411
 1077.8    46.744
 1078.0    46.075
 1078.2    45.401
 1078.4    44.716
 1078.6    44.032
 1078.8    43.346
 1079.0    42.661
 1079.2    41.972
 1079.4    41.286
 1079.6    40.599
 1079.8    39.917
 1080.0    39.230
 1080.2    38.556
 1080.4    37.885
 1080.6    37.209
 1080.8    36.539
 1081.0    35.866
 1081.2    35.202
 1081.4    34.537
 1081.6    33.887
 1081.8    33.240
 1082.0    32.597
 1082.2    31.963
 1082.4    31.334
 1082.6    30.716
 1082.8    30.109
 1083.0    29.504
 1083.2    28.911
 1083.4    28.322
 1083.6    27.739
 1083.8    27.173
 1084.0    26.614
 1084.2    26.065
 1084.4    25.519
 1084.6    24.988
 1084.8    24.463
 1085.0    23.949
 1085.2    23.445
 1085.4    22.951
 1085.6    22.469
 1085.8    21.988
 1086.0    21.519
 1086.2    21.065
 1086.4    20.612
 1086.6    20.175
 1086.8    19.742
 1087.0    19.315
 1087.2    18.896
 1087.4    18.491
 1087.6    18.095
 1087.8    17.714
 1088.0    17.337
 1088.2    16.968
 1088.4    16.611
 1088.6    16.258
 1088.8    15.912
 1089.0    15.573
 1089.2    15.240
 1089.4    14.914
 1089.6    14.597
 1089.8    14.284
 1090.0    13.983
 1090.2    13.693
 1090.4    13.406
 1090.6    13.127
 1090.8    12.852
 1091.0    12.581
 1091.2    12.318
 1091.4    12.062
 1091.6    11.813
 1091.8    11.571
 1092.0    11.330
 1092.2    11.101
 1092.4    10.873
 1092.6    10.654
 1092.8    10.437
 1093.0    10.226
 1093.2    10.027
 1093.4     9.825
 1093.6     9.627
 1093.8     9.435
 1094.0     9.245
 1094.2     9.062
 1094.4     8.885
 1094.6     8.711
 1094.8     8.536
 1095.0     8.366
 1095.2     8.200
 1095.4     8.041
 1095.6     7.884
 1095.8     7.732
 1096.0     7.587
 1096.2     7.443
 1096.4     7.298
 1096.6     7.161
 1096.8     7.028
 1097.0     6.897
 1097.2     6.772
 1097.4     6.650
 1097.6     6.525
 1097.8     6.406
 1098.0     6.290
 1098.2     6.180
 1098.4     6.068
 1098.6     5.959
 1098.8     5.855
 1099.0     5.751
 1099.2     5.649
 1099.4     5.548
 1099.6     5.452
 1099.8     5.354
 1100.0     5.258
 1100.2     5.167
 1100.4     5.080
 1100.6     4.987
 1100.8     4.903
 1101.0     4.823
 1101.2     4.742
 1101.4     4.660
 1101.6     4.579
 1101.8     4.497
 1102.0     4.424
 1102.2     4.349
 1102.4     4.274
 1102.6     4.205
 1102.8     4.131
 1103.0     4.062
 1103.2     4.001
 1103.4     3.934
 1103.6     3.868
 1103.8     3.807
 1104.0     3.748
 1104.2     3.688
 1104.4     3.629
 1104.6     3.569
 1104.8     3.516
 1105.0     3.464
 1105.2     3.409
 1105.4     3.358
 1105.6     3.313
 1105.8     3.261
 1106.0     3.215
 1106.2     3.171
 1106.4     3.116
 1106.6     3.075
 1106.8     3.024
 1107.0     2.977
 1107.2     2.930
 1107.4     2.885
 1107.6     2.843
 1107.8     2.802
 1108.0     2.759
 1108.2     2.722
 1108.4     2.679
 1108.6     2.638
 1108.8     2.597
 1109.0     2.563
 1109.2     2.525
 1109.4     2.489
 1109.6     2.457
 1109.8     2.419
 1110.0     2.390
 1110.2     2.356
 1110.4     2.324
 1110.6     2.289
 1110.8     2.260
 1111.0     2.231
 1111.2     2.206
 1111.4     2.173
 1111.6     2.139
 1111.8     2.107
 1112.0     2.080
 1112.2     2.043
 1112.4     2.019
 1112.6     1.991
 1112.8     1.965
 1113.0     1.938
 1113.2     1.915
 1113.4     1.889
